===== Bandwidth Estimate [Mbps] (YouTube (WiFi)) =====
0.00025;	0.05444
0.00515;	0.39595
0.01031;	0.52852
0.01522;	0.53099
0.02013;	0.65847
0.02504;	0.66098
0.02995;	0.66173
0.03510;	0.66234
0.04026;	0.66273
0.04566;	0.66302
0.05056;	0.6633
0.05547;	0.66358
0.06087;	0.66409
0.06578;	0.66536
0.07069;	0.66695
0.07560;	0.67194
0.08051;	0.69293
0.08542;	0.79275
0.09033;	0.79424
0.09524;	0.79494
0.10015;	0.79548
0.10506;	0.79601
0.10997;	0.79656
0.11487;	0.7973
0.11978;	0.79838
0.12469;	0.7995
0.12960;	0.8058
0.13451;	0.91644
0.13942;	0.92469
0.14433;	0.92593
0.14924;	0.92704
0.15415;	0.92738
0.15906;	0.92773
0.16397;	0.92807
0.16937;	0.92843
0.17428;	0.92882
0.17919;	0.92925
0.18459;	0.92963
0.18949;	0.92988
0.19440;	0.93023
0.19931;	0.93077
0.20422;	0.93116
0.20938;	0.93176
0.21453;	0.93393
0.21944;	0.93558
0.22435;	0.94485
0.22926;	1.05332
0.23417;	1.05753
0.23908;	1.0584
0.24399;	1.05951
0.24890;	1.05999
0.25430;	1.06049
0.25920;	1.06095
0.26411;	1.06125
0.26902;	1.06162
0.27393;	1.06202
0.27884;	1.06242
0.28375;	1.06287
0.28891;	1.06364
0.29381;	1.06423
0.29872;	1.06525
0.30363;	1.06778
0.30854;	1.0836
0.31345;	1.18371
0.31836;	1.18925
0.32327;	1.19107
0.32818;	1.19211
0.33333;	1.19275
0.33849;	1.19344
0.34389;	1.19399
0.34904;	1.19447
0.35395;	1.19507
0.35886;	1.19549
0.36402;	1.19606
0.36917;	1.197
0.37408;	1.19869
0.37899;	1.20581
0.38390;	1.31166
0.38881;	1.32097
0.39372;	1.32414
0.39863;	1.32523
0.40353;	1.32577
0.40844;	1.32617
0.41360;	1.3268
0.41875;	1.32743
0.42391;	1.3281
0.42882;	1.32916
0.43373;	1.3302
0.43864;	1.33225
0.44354;	1.33402
0.44845;	1.33942
0.45336;	1.35275
0.45827;	1.45105
0.46318;	1.45468
0.46809;	1.45699
0.47324;	1.4584
0.47815;	1.45925
0.48306;	1.46003
0.48797;	1.46103
0.49288;	1.46199
0.49804;	1.4635
0.50295;	1.46551
0.50785;	1.46861
0.51276;	1.47789
0.51767;	1.5742
0.52258;	1.58689
0.52749;	1.59087
0.53240;	1.59267
0.53731;	1.59392
0.54222;	1.59475
0.54713;	1.5959
0.55204;	1.59713
0.55695;	1.59951
0.56186;	1.60385
0.56676;	1.61488
0.57167;	1.7079
0.57658;	1.72279
0.58149;	1.72497
0.58640;	1.72627
0.59131;	1.72826
0.59622;	1.73097
0.60113;	1.73537
0.60604;	1.74361
0.61095;	1.83705
0.61586;	1.853
0.62077;	1.85634
0.62568;	1.85881
0.63058;	1.86098
0.63549;	1.86277
0.64040;	1.86515
0.64556;	1.87189
0.65047;	1.89938
0.65538;	1.98637
0.66028;	1.99003
0.66519;	1.99334
0.67010;	1.99706
0.67501;	2.00493
0.67992;	2.01822
0.68483;	2.11439
0.68974;	2.12398
0.69465;	2.12655
0.69956;	2.12869
0.70447;	2.13117
0.70938;	2.13516
0.71429;	2.14217
0.71919;	2.16855
0.72410;	2.25059
0.72901;	2.25684
0.73392;	2.26116
0.73883;	2.26695
0.74374;	2.2741
0.74865;	2.3594
0.75356;	2.38843
0.75847;	2.39463
0.76338;	2.4007
0.76829;	2.41184
0.77320;	2.50645
0.77811;	2.5226
0.78301;	2.52955
0.78792;	2.54663
0.79283;	2.58216
0.79774;	2.65696
0.80265;	2.66336
0.80756;	2.69586
0.81247;	2.78881
0.81738;	2.79857
0.82229;	2.80524
0.82720;	2.81855
0.83211;	2.91133
0.83702;	2.92715
0.84192;	2.93744
0.84683;	2.94912
0.85174;	3.00457
0.85665;	3.05878
0.86156;	3.06753
0.86647;	3.07885
0.87162;	3.10378
0.87653;	3.18064
0.88144;	3.19176
0.88635;	3.20088
0.89126;	3.21099
0.89617;	3.23777
0.90108;	3.32152
0.90599;	3.32983
0.91090;	3.33919
0.91581;	3.34644
0.92072;	3.35614
0.92563;	3.42666
0.93054;	3.45848
0.93544;	3.46645
0.94035;	3.47298
0.94526;	3.48756
0.95017;	3.56201
0.95508;	3.59962
0.95999;	3.62352
0.96490;	3.74808
0.96981;	4.1049
0.97472;	5.63868
0.97963;	15.95862
0.98454;	24.33806
0.98945;	35.89462
0.99435;	44.04559
0.99951;	62.47862

=========================

===== Bandwidth Estimate [Mbps] (YouTube (Cellular)) =====
0.00068;	0.1483
0.00546;	0.2641
0.01025;	0.31561
0.01503;	0.39632
0.01981;	0.50153
0.02459;	0.52961
0.02937;	0.6023
0.03415;	0.65529
0.03893;	0.65908
0.04372;	0.66024
0.04850;	0.66119
0.05328;	0.66168
0.05806;	0.66225
0.06284;	0.66263
0.06762;	0.66319
0.07240;	0.66381
0.07719;	0.66423
0.08197;	0.66655
0.08675;	0.68446
0.09153;	0.71235
0.09631;	0.77486
0.10109;	0.78949
0.10587;	0.79182
0.11066;	0.79324
0.11544;	0.79373
0.12022;	0.79507
0.12500;	0.79547
0.12978;	0.79577
0.13456;	0.79716
0.13934;	0.79923
0.14413;	0.81422
0.14891;	0.84112
0.15369;	0.859
0.15847;	0.89947
0.16325;	0.91331
0.16803;	0.92066
0.17281;	0.92399
0.17760;	0.9249
0.18238;	0.92516
0.18716;	0.92591
0.19194;	0.92636
0.19672;	0.92661
0.20150;	0.92683
0.20628;	0.9273
0.21107;	0.92749
0.21585;	0.9279
0.22063;	0.92837
0.22541;	0.92853
0.23019;	0.92902
0.23497;	0.92949
0.23975;	0.93
0.24454;	0.93084
0.24932;	0.93189
0.25410;	0.9348
0.25888;	0.93997
0.26366;	0.95675
0.26844;	0.98956
0.27322;	1.02864
0.27801;	1.04269
0.28279;	1.05258
0.28757;	1.05427
0.29235;	1.05636
0.29713;	1.05754
0.30260;	1.0582
0.30738;	1.05859
0.31216;	1.0591
0.31694;	1.05964
0.32172;	1.0598
0.32650;	1.06006
0.33128;	1.06036
0.33607;	1.06094
0.34085;	1.06143
0.34563;	1.06212
0.35041;	1.0631
0.35519;	1.06376
0.35997;	1.06534
0.36475;	1.08465
0.36954;	1.12644
0.37432;	1.16397
0.37910;	1.18289
0.38388;	1.18602
0.38866;	1.18777
0.39344;	1.18874
0.39822;	1.19034
0.40301;	1.19131
0.40779;	1.19178
0.41257;	1.19238
0.41735;	1.19261
0.42213;	1.19307
0.42691;	1.19357
0.43169;	1.19401
0.43648;	1.19437
0.44126;	1.19486
0.44604;	1.19552
0.45082;	1.19646
0.45560;	1.19834
0.46038;	1.22388
0.46516;	1.30809
0.46995;	1.31358
0.47473;	1.3202
0.47951;	1.32156
0.48429;	1.32219
0.48907;	1.32282
0.49385;	1.32436
0.49863;	1.32499
0.50342;	1.32613
0.50820;	1.32686
0.51298;	1.32785
0.51776;	1.32851
0.52254;	1.33156
0.52732;	1.33549
0.53210;	1.34016
0.53689;	1.43688
0.54167;	1.44589
0.54645;	1.45059
0.55123;	1.45407
0.55601;	1.45528
0.56079;	1.45624
0.56557;	1.45757
0.57036;	1.45848
0.57514;	1.4596
0.57992;	1.46094
0.58470;	1.46177
0.58948;	1.4625
0.59426;	1.46341
0.59904;	1.46794
0.60383;	1.57203
0.60861;	1.58107
0.61339;	1.58386
0.61817;	1.58628
0.62295;	1.58848
0.62773;	1.59158
0.63251;	1.59299
0.63730;	1.59466
0.64208;	1.59708
0.64686;	1.59869
0.65164;	1.60722
0.65642;	1.63526
0.66120;	1.69111
0.66598;	1.7097
0.67077;	1.71482
0.67555;	1.71888
0.68033;	1.72197
0.68511;	1.72394
0.68989;	1.72495
0.69467;	1.72668
0.70014;	1.73082
0.70492;	1.74205
0.70970;	1.80738
0.71448;	1.84533
0.71926;	1.85291
0.72404;	1.85621
0.72883;	1.85728
0.73361;	1.85894
0.73839;	1.86063
0.74317;	1.8621
0.74795;	1.86326
0.75273;	1.87097
0.75751;	1.89868
0.76230;	1.96444
0.76708;	1.98538
0.77186;	1.98821
0.77664;	1.99548
0.78142;	1.99842
0.78620;	2.01505
0.79098;	2.04642
0.79577;	2.11757
0.80055;	2.12531
0.80533;	2.12727
0.81011;	2.13937
0.81489;	2.24332
0.81967;	2.25242
0.82445;	2.2561
0.82923;	2.26477
0.83402;	2.27731
0.83880;	2.33954
0.84358;	2.38627
0.84836;	2.40257
0.85314;	2.50018
0.85792;	2.52581
0.86270;	2.54146
0.86749;	2.61045
0.87227;	2.65829
0.87705;	2.66423
0.88183;	2.68047
0.88661;	2.74615
0.89139;	2.79954
0.89617;	2.8213
0.90096;	2.92625
0.90574;	2.93797
0.91052;	2.96345
0.91530;	3.05413
0.92008;	3.0809
0.92486;	3.18857
0.92964;	3.20003
0.93443;	3.21742
0.93921;	3.32732
0.94399;	3.34437
0.94877;	3.45183
0.95355;	3.48782
0.95833;	3.61504
0.96311;	3.88576
0.96790;	4.1712
0.97268;	4.72783
0.97746;	5.72824
0.98224;	18.03653
0.98702;	22.81701
0.99180;	37.30499
0.99658;	41.8177

=========================

===== Bandwidth Estimate [Mbps] (DTube (WiFi)) =====
0.00055;	0.13288
0.00549;	0.2652
0.01099;	0.26545
0.01593;	0.26562
0.02143;	0.26582
0.02637;	0.2661
0.03132;	0.26795
0.03626;	0.26922
0.04121;	0.37131
0.04615;	0.3974
0.05110;	0.39809
0.05604;	0.39838
0.06099;	0.39862
0.06593;	0.39942
0.07088;	0.40151
0.07582;	0.52785
0.08077;	0.53008
0.08571;	0.53073
0.09066;	0.53084
0.09560;	0.53093
0.10055;	0.53104
0.10604;	0.53115
0.11099;	0.53121
0.11593;	0.53134
0.12143;	0.5315
0.12637;	0.5317
0.13132;	0.53183
0.13626;	0.53263
0.14121;	0.53408
0.14615;	0.55023
0.15110;	0.65277
0.15604;	0.66146
0.16099;	0.66212
0.16593;	0.66288
0.17143;	0.66359
0.17637;	0.66375
0.18132;	0.66396
0.18626;	0.66411
0.19121;	0.66447
0.19615;	0.66471
0.20110;	0.66506
0.20604;	0.66559
0.21099;	0.66697
0.21593;	0.66821
0.22088;	0.77946
0.22582;	0.79455
0.23077;	0.79584
0.23571;	0.79656
0.24066;	0.7972
0.24560;	0.79767
0.25055;	0.7995
0.25549;	0.80381
0.26044;	0.91011
0.26538;	0.92123
0.27033;	0.92563
0.27527;	0.92745
0.28022;	0.92847
0.28516;	0.92898
0.29011;	0.92924
0.29505;	0.92955
0.30055;	0.92983
0.30549;	0.93009
0.31044;	0.93034
0.31593;	0.93062
0.32088;	0.93077
0.32582;	0.93098
0.33077;	0.9315
0.33571;	0.93199
0.34066;	0.93405
0.34560;	0.94075
0.35055;	0.9533
0.35549;	1.0551
0.36044;	1.05882
0.36538;	1.06064
0.37033;	1.06151
0.37527;	1.06238
0.38022;	1.06346
0.38516;	1.06455
0.39011;	1.06545
0.39505;	1.06816
0.40000;	1.0717
0.40495;	1.16216
0.40989;	1.19097
0.41484;	1.19271
0.41978;	1.19396
0.42473;	1.1953
0.42967;	1.19594
0.43462;	1.19645
0.43956;	1.19716
0.44451;	1.19769
0.44945;	1.19843
0.45495;	1.19903
0.45989;	1.20016
0.46484;	1.20792
0.46978;	1.27628
0.47473;	1.31789
0.47967;	1.32246
0.48462;	1.32523
0.48956;	1.32654
0.49451;	1.32813
0.49945;	1.32896
0.50440;	1.32979
0.50934;	1.33045
0.51429;	1.33116
0.51923;	1.33245
0.52418;	1.33599
0.52912;	1.34121
0.53407;	1.44634
0.53901;	1.45502
0.54396;	1.45926
0.54890;	1.46174
0.55385;	1.46319
0.55879;	1.46428
0.56374;	1.46635
0.56868;	1.48455
0.57363;	1.56908
0.57857;	1.58556
0.58352;	1.59011
0.58901;	1.59221
0.59396;	1.59395
0.59890;	1.59483
0.60385;	1.596
0.60934;	1.59704
0.61429;	1.59887
0.61923;	1.60348
0.62418;	1.65772
0.62912;	1.7142
0.63407;	1.72161
0.63901;	1.72461
0.64396;	1.72754
0.64890;	1.72878
0.65385;	1.73178
0.65879;	1.73493
0.66374;	1.77928
0.66868;	1.8454
0.67363;	1.85284
0.67857;	1.85864
0.68352;	1.86113
0.68846;	1.8628
0.69341;	1.86493
0.69835;	1.87112
0.70330;	1.97299
0.70824;	1.98985
0.71319;	1.99305
0.71813;	1.99743
0.72308;	2.00217
0.72802;	2.09732
0.73297;	2.11717
0.73846;	2.12627
0.74341;	2.13021
0.74835;	2.13389
0.75330;	2.14613
0.75824;	2.2158
0.76319;	2.24946
0.76813;	2.25882
0.77308;	2.26731
0.77802;	2.38606
0.78297;	2.39272
0.78791;	2.40391
0.79286;	2.46583
0.79780;	2.52002
0.80275;	2.53031
0.80769;	2.54476
0.81264;	2.6388
0.81758;	2.65587
0.82253;	2.66491
0.82747;	2.71934
0.83242;	2.78419
0.83736;	2.79681
0.84231;	2.80212
0.84725;	2.92263
0.85220;	2.94075
0.85714;	3.03486
0.86209;	3.06288
0.86703;	3.18643
0.87198;	3.20483
0.87692;	3.3239
0.88187;	3.39488
0.88681;	3.46741
0.89176;	3.5016
0.89670;	3.5967
0.90165;	3.61767
0.90659;	3.72825
0.91154;	3.79987
0.91648;	3.86243
0.92143;	3.88501
0.92637;	3.99901
0.93132;	4.13079
0.93626;	4.50654
0.94121;	4.75525
0.94615;	4.99942
0.95110;	5.32893
0.95604;	6.13869
0.96099;	7.28819
0.96593;	8.00581
0.97088;	9.39369
0.97582;	11.41546
0.98077;	13.40502
0.98571;	16.54257
0.99066;	19.57932
0.99560;	25.8701

=========================

===== Bandwidth Estimate [Mbps] (DTube (Cellular)) =====
0.00126;	0.26333
0.00504;	0.26503
0.00882;	0.2653
0.01259;	0.26553
0.01637;	0.26557
0.02015;	0.2656
0.02393;	0.26567
0.02897;	0.26569
0.03275;	0.26581
0.03652;	0.26598
0.04030;	0.2665
0.04408;	0.27282
0.04786;	0.3918
0.05164;	0.39614
0.05542;	0.39667
0.05919;	0.39728
0.06297;	0.39775
0.06675;	0.39802
0.07053;	0.39812
0.07431;	0.39826
0.07809;	0.39851
0.08186;	0.39857
0.08564;	0.39864
0.08942;	0.39925
0.09320;	0.40033
0.09698;	0.40109
0.10076;	0.40474
0.10453;	0.45141
0.10831;	0.52293
0.11209;	0.52671
0.11587;	0.52843
0.11965;	0.52908
0.12343;	0.52962
0.12720;	0.52992
0.13098;	0.53031
0.13476;	0.53046
0.13854;	0.53061
0.14358;	0.53103
0.14736;	0.53123
0.15113;	0.5313
0.15491;	0.5314
0.15869;	0.53156
0.16247;	0.53203
0.16625;	0.53345
0.17003;	0.53559
0.17380;	0.53733
0.17758;	0.62888
0.18136;	0.65618
0.18514;	0.65671
0.18892;	0.66031
0.19270;	0.66138
0.19647;	0.66199
0.20025;	0.66268
0.20403;	0.66307
0.20781;	0.66328
0.21159;	0.66342
0.21537;	0.6636
0.21914;	0.66374
0.22292;	0.66386
0.22670;	0.66408
0.23048;	0.6642
0.23426;	0.6643
0.23804;	0.66442
0.24181;	0.66457
0.24559;	0.66486
0.24937;	0.66515
0.25315;	0.6694
0.25693;	0.73128
0.26071;	0.75459
0.26448;	0.77194
0.26826;	0.78076
0.27204;	0.78509
0.27582;	0.78999
0.27960;	0.79205
0.28338;	0.79293
0.28715;	0.79399
0.29093;	0.79596
0.29471;	0.79674
0.29849;	0.7972
0.30227;	0.79769
0.30605;	0.79787
0.30982;	0.80005
0.31360;	0.80469
0.31738;	0.86087
0.32116;	0.91584
0.32494;	0.92174
0.32872;	0.92402
0.33249;	0.9256
0.33627;	0.92618
0.34005;	0.92677
0.34383;	0.92772
0.34761;	0.92844
0.35139;	0.9289
0.35642;	0.92953
0.36020;	0.93008
0.36398;	0.9302
0.36776;	0.93059
0.37154;	0.9309
0.37531;	0.93126
0.37909;	0.93142
0.38287;	0.93186
0.38665;	0.93213
0.39043;	0.9344
0.39421;	0.93512
0.39798;	0.94507
0.40176;	0.95798
0.40554;	0.98278
0.40932;	1.0015
0.41310;	1.02198
0.41688;	1.04505
0.42065;	1.0552
0.42443;	1.05774
0.42821;	1.05923
0.43199;	1.05984
0.43577;	1.06034
0.43955;	1.06127
0.44332;	1.0616
0.44710;	1.06181
0.45088;	1.06234
0.45466;	1.06334
0.45844;	1.06354
0.46222;	1.06381
0.46599;	1.06408
0.46977;	1.06522
0.47355;	1.07119
0.47733;	1.1059
0.48111;	1.16086
0.48489;	1.18552
0.48866;	1.19088
0.49244;	1.19286
0.49622;	1.19415
0.50000;	1.19534
0.50378;	1.19598
0.50756;	1.19653
0.51134;	1.19738
0.51511;	1.19799
0.51889;	1.19867
0.52267;	1.2048
0.52645;	1.29643
0.53023;	1.31379
0.53401;	1.32186
0.53778;	1.3237
0.54156;	1.32642
0.54534;	1.32787
0.54912;	1.32853
0.55290;	1.3289
0.55668;	1.3295
0.56045;	1.32981
0.56423;	1.33036
0.56801;	1.33165
0.57179;	1.33261
0.57557;	1.33633
0.57935;	1.37502
0.58312;	1.45104
0.58690;	1.45515
0.59068;	1.45738
0.59446;	1.45821
0.59824;	1.46
0.60202;	1.46084
0.60579;	1.46228
0.60957;	1.46326
0.61335;	1.46442
0.61713;	1.46678
0.62091;	1.5811
0.62469;	1.58589
0.62846;	1.58715
0.63224;	1.5889
0.63602;	1.59062
0.63980;	1.59231
0.64358;	1.59396
0.64736;	1.5956
0.65113;	1.59655
0.65491;	1.59778
0.65869;	1.59978
0.66247;	1.6014
0.66625;	1.64797
0.67003;	1.69661
0.67380;	1.71591
0.67758;	1.71913
0.68136;	1.72241
0.68514;	1.72453
0.68892;	1.72593
0.69270;	1.72771
0.69647;	1.73114
0.70025;	1.7383
0.70403;	1.76123
0.70781;	1.80587
0.71159;	1.84783
0.71537;	1.85118
0.71914;	1.85676
0.72292;	1.86092
0.72670;	1.86338
0.73048;	1.87799
0.73426;	1.9415
0.73804;	1.97605
0.74181;	1.99199
0.74559;	1.99336
0.74937;	1.99644
0.75315;	2.00728
0.75693;	2.11098
0.76071;	2.11965
0.76448;	2.12445
0.76826;	2.12661
0.77204;	2.13256
0.77582;	2.13832
0.77960;	2.2105
0.78338;	2.23665
0.78715;	2.24998
0.79093;	2.26203
0.79471;	2.27141
0.79849;	2.31648
0.80227;	2.3736
0.80605;	2.38709
0.80982;	2.42246
0.81360;	2.50503
0.81738;	2.52388
0.82116;	2.53209
0.82494;	2.54501
0.82872;	2.5803
0.83249;	2.61233
0.83627;	2.62182
0.84005;	2.64978
0.84383;	2.66149
0.84761;	2.67108
0.85139;	2.79278
0.85516;	2.869
0.85894;	2.89124
0.86272;	2.91658
0.86650;	2.93319
0.87028;	2.99976
0.87406;	3.01686
0.87783;	3.16843
0.88161;	3.18219
0.88539;	3.23318
0.88917;	3.33107
0.89295;	3.34093
0.89673;	3.44033
0.90050;	3.4879
0.90428;	3.55684
0.90806;	3.59276
0.91184;	3.61148
0.91562;	3.71559
0.91940;	3.73024
0.92317;	3.80599
0.92695;	3.86506
0.93073;	3.92281
0.93451;	4.0359
0.93829;	4.11101
0.94207;	4.38706
0.94584;	4.77381
0.94962;	5.20049
0.95340;	5.55458
0.95718;	5.83821
0.96096;	6.31464
0.96474;	7.21025
0.96851;	8.50428
0.97229;	9.65732
0.97607;	13.36254
0.97985;	15.72375
0.98363;	17.81317
0.98741;	21.57512
0.99118;	23.61522
0.99496;	35.39427
0.99874;	45.60411

=========================

