===== Initial Exo Processing Time [ms] (YouTube (WiFi)) =====
0.00025;	0
0.03240;	1
0.17992;	2
0.26215;	3
0.30437;	4
0.34831;	5
0.46956;	6
0.60432;	7
0.68311;	8
0.76681;	9
0.82180;	10
0.85837;	11
0.88758;	12
0.90353;	13
0.91335;	14
0.92047;	15
0.92587;	16
0.93029;	17
0.93495;	18
0.94158;	19
0.95189;	20
0.96220;	21
0.97104;	22
0.97423;	23
0.97619;	24
0.98012;	25
0.98306;	26
0.98405;	27
0.98552;	28
0.98699;	29
0.98724;	30
0.98748;	31
0.98797;	32
0.98846;	33
0.98895;	36
0.98920;	40
0.98945;	49
0.98994;	50
0.99092;	51
0.99116;	52
0.99141;	55
0.99190;	56
0.99239;	57
0.99288;	58
0.99313;	59
0.99362;	60
0.99411;	63
0.99435;	74
0.99460;	1224
0.99485;	1318
0.99509;	1497
0.99534;	2135
0.99558;	2139
0.99583;	2144
0.99607;	2191
0.99632;	2193
0.99656;	2288
0.99681;	3390
0.99705;	3484
0.99730;	4240
0.99755;	4383
0.99779;	5203
0.99804;	6666
0.99828;	7158
0.99853;	8203
0.99877;	10136
0.99902;	10200
0.99926;	17541
0.99951;	20369
0.99975;	28019
1.00000;	66363

=========================

===== Initial Exo Processing Time [ms] (YouTube (Cellular)) =====
0.01093;	2
0.01639;	3
0.04645;	4
0.09153;	5
0.22541;	6
0.35997;	7
0.47199;	8
0.63798;	9
0.75546;	10
0.82172;	11
0.85587;	12
0.87227;	13
0.88115;	14
0.88866;	15
0.89754;	16
0.90779;	17
0.91462;	18
0.92350;	19
0.93374;	20
0.94809;	21
0.95697;	22
0.96107;	23
0.96653;	24
0.97268;	25
0.97473;	26
0.97541;	28
0.97609;	29
0.97678;	40
0.97746;	48
0.97814;	52
0.97883;	276
0.97951;	285
0.98019;	288
0.98087;	364
0.98156;	487
0.98224;	796
0.98292;	1401
0.98361;	1752
0.98429;	1802
0.98566;	1839
0.98634;	1852
0.98702;	2073
0.98770;	2126
0.98839;	2433
0.98907;	2518
0.98975;	2557
0.99044;	2608
0.99112;	3005
0.99180;	3468
0.99249;	4118
0.99317;	5860
0.99385;	6195
0.99454;	6224
0.99522;	6337
0.99590;	8449
0.99658;	11736
0.99727;	16648
0.99795;	38921
0.99863;	79735
0.99932;	184695
1.00000;	358028

=========================

===== Initial Exo Processing Time [ms] (DTube (WiFi)) =====
0.03681;	1
0.22692;	2
0.34231;	3
0.39121;	4
0.44725;	5
0.56868;	6
0.68462;	7
0.79011;	8
0.86044;	9
0.91374;	10
0.94890;	11
0.96484;	12
0.97747;	13
0.98297;	14
0.98681;	15
0.98901;	16
0.99066;	17
0.99176;	18
0.99231;	19
0.99286;	22
0.99341;	24
0.99396;	48
0.99451;	49
0.99560;	50
0.99615;	52
0.99670;	53
0.99725;	76
0.99780;	922
0.99835;	2098
0.99890;	9881
0.99945;	10403
1.00000;	24118

=========================

===== Initial Exo Processing Time [ms] (DTube (Cellular)) =====
0.01385;	2
0.02645;	3
0.05416;	4
0.08690;	5
0.23300;	6
0.38287;	7
0.53149;	8
0.67758;	9
0.81360;	10
0.89673;	11
0.93703;	12
0.95592;	13
0.96599;	14
0.97229;	15
0.97985;	16
0.98489;	17
0.98866;	18
0.99244;	19
0.99370;	28
0.99496;	29
0.99622;	30
0.99748;	33
0.99874;	774
1.00000;	3496

=========================

