===== Initial Buffer Size [s] (YouTube (WiFi)) =====
0.03093;	0.0
0.03166;	0.232
0.03216;	0.44
0.03682;	0.51
0.03805;	0.626
0.03878;	0.696
0.03927;	0.789
0.03976;	0.917
0.04271;	0.952
0.04418;	1.439
0.04467;	1.835
0.04516;	1.88
0.04811;	1.927
0.04909;	2.321
0.05032;	2.36
0.05400;	2.4
0.07781;	2.438
0.07904;	2.484
0.08444;	2.53
0.08787;	2.577
0.09008;	2.623
0.09327;	2.67
0.09597;	2.711
0.09892;	2.739
0.10972;	2.763
0.11119;	2.772
0.11757;	2.802
0.12175;	2.832
0.13427;	2.84
0.15194;	2.859
0.15317;	2.879
0.16593;	2.899
0.26632;	2.911
0.27295;	2.925
0.27442;	2.995
0.27541;	3.041
0.27614;	3.088
0.27884;	3.134
0.27958;	3.169
0.28277;	3.204
0.28375;	3.236
0.28473;	3.269
0.28670;	3.297
0.28743;	3.319
0.30412;	3.34
0.30854;	3.36
0.30903;	3.379
0.35518;	3.391
0.35567;	3.41
0.35665;	3.436
0.35739;	3.482
0.35837;	3.529
0.35911;	3.599
0.36254;	3.645
0.36426;	3.703
0.36598;	3.737
0.36672;	3.761
0.37752;	3.784
0.37997;	3.804
0.42710;	3.877
0.42808;	3.9
0.42980;	3.97
0.43029;	4.017
0.43127;	4.063
0.43225;	4.087
0.43495;	4.133
0.43618;	4.204
0.43716;	4.237
0.44502;	4.272
0.44723;	4.32
0.44919;	4.36
0.48184;	4.385
0.48233;	4.435
0.48306;	4.504
0.48625;	4.574
0.48675;	4.62
0.48822;	4.69
0.49853;	4.76
0.50000;	4.8
0.53633;	4.833
0.54443;	4.852
0.54492;	4.945
0.54590;	4.992
0.55155;	5.061
0.55253;	5.108
0.55376;	5.171
0.56186;	5.24
0.56382;	5.28
0.58689;	5.294
0.58738;	5.303
0.59107;	5.34
0.59205;	5.387
0.59278;	5.433
0.59573;	5.503
0.59622;	5.572
0.59671;	5.638
0.60236;	5.665
0.60309;	5.735
0.63058;	5.8
0.63402;	5.828
0.63500;	5.897
0.63672;	5.944
0.63819;	6.037
0.63868;	6.083
0.64188;	6.13
0.64286;	6.176
0.66274;	6.222
0.66397;	6.246
0.66789;	6.292
0.66863;	6.362
0.67010;	6.431
0.67059;	6.539
0.67403;	6.571
0.67452;	6.617
0.67649;	6.664
0.69244;	6.687
0.69514;	6.733
0.69563;	6.803
0.69637;	6.919
0.69710;	6.973
0.69759;	7.012
0.70177;	7.082
0.71429;	7.151
0.71748;	7.198
0.71870;	7.291
0.71919;	7.34
0.72067;	7.383
0.72165;	7.476
0.72410;	7.523
0.72459;	7.592
0.74129;	7.662
0.74227;	7.709
0.74300;	7.755
0.74423;	7.801
0.74620;	7.871
0.74718;	7.941
0.74890;	7.987
0.74939;	8.057
0.76338;	8.126
0.76510;	8.173
0.76559;	8.243
0.76632;	8.289
0.76681;	8.335
0.76829;	8.428
0.77933;	8.544
0.78056;	8.568
0.78301;	8.637
0.78424;	8.753
0.78498;	8.87
0.78743;	8.916
0.78841;	8.986
0.79872;	9.009
0.80044;	9.102
0.80093;	9.171
0.80167;	9.195
0.80388;	9.218
0.80437;	9.311
0.80560;	9.357
0.81689;	9.52
0.81738;	9.592
0.81885;	9.682
0.81983;	9.729
0.82081;	9.775
0.82351;	9.845
0.82450;	9.92
0.83873;	9.984
0.83922;	10.147
0.84021;	10.193
0.84094;	10.243
0.84291;	10.286
0.85346;	10.402
0.85739;	10.448
0.85812;	10.565
0.86009;	10.634
0.86082;	10.75
0.86156;	10.797
0.86942;	10.913
0.87138;	11.075
0.87236;	11.122
0.87334;	11.208
0.87457;	11.238
0.88193;	11.331
0.88292;	11.377
0.88341;	11.469
0.88390;	11.511
0.88463;	11.609
0.88660;	11.679
0.88758;	11.772
0.89470;	11.842
0.89519;	11.928
0.89666;	12.0
0.89740;	12.051
0.89838;	12.167
0.90525;	12.306
0.90574;	12.387
0.90623;	12.515
0.90820;	12.608
0.90869;	12.701
0.91237;	12.77
0.91433;	13.026
0.91507;	13.049
0.91728;	13.165
0.92194;	13.2
0.92415;	13.281
0.92464;	13.328
0.92587;	13.537
0.92685;	13.63
0.93127;	13.699
0.93250;	13.746
0.93299;	13.931
0.93397;	14.001
0.93446;	14.071
0.93864;	14.21
0.93913;	14.375
0.93962;	14.458
0.94060;	14.489
0.94379;	14.582
0.94453;	14.721
0.94526;	14.93
0.94845;	15.046
0.94894;	15.139
0.94944;	15.394
0.95287;	15.51
0.95336;	15.603
0.95410;	15.743
0.95484;	15.836
0.95680;	15.975
0.95754;	16.044
0.95827;	16.346
0.95950;	16.486
0.96073;	16.648
0.96146;	16.788
0.96269;	16.904
0.96367;	16.997
0.96441;	17.229
0.96490;	17.322
0.96735;	17.461
0.96784;	17.716
0.97030;	17.879
0.97104;	17.972
0.97202;	18.088
0.97374;	18.297
0.97423;	18.541
0.97496;	18.645
0.97570;	18.761
0.97619;	19.017
0.97840;	19.249
0.97938;	19.388
0.97987;	19.574
0.98085;	19.783
0.98159;	20.038
0.98257;	20.201
0.98331;	20.619
0.98405;	20.944
0.98625;	21.548
0.98675;	21.594
0.98748;	21.896
0.98871;	22.058
0.98994;	22.616
0.99165;	22.941
0.99239;	23.87
0.99313;	24.334
0.99362;	24.915
0.99435;	26.238
0.99534;	26.795
0.99583;	26.981
0.99632;	27.863
0.99705;	28.514
0.99755;	30.046
0.99804;	30.882
0.99853;	33.158
0.99902;	34.017
0.99951;	34.551
1.00000;	36.757

=========================

===== Initial Buffer Size [s] (YouTube (Cellular)) =====
0.01708;	0.0
0.01776;	0.464
0.01844;	1.137
0.01981;	1.439
0.02049;	1.625
0.02254;	1.927
0.02322;	2.321
0.02459;	2.36
0.02732;	2.391
0.02801;	2.4
0.04508;	2.414
0.04713;	2.438
0.04918;	2.461
0.05055;	2.484
0.05533;	2.507
0.06079;	2.53
0.06148;	2.546
0.06421;	2.554
0.06762;	2.577
0.07036;	2.6
0.07445;	2.623
0.07514;	2.647
0.07650;	2.67
0.07787;	2.69
0.08265;	2.693
0.08538;	2.711
0.09016;	2.716
0.09085;	2.736
0.09358;	2.739
0.09563;	2.752
0.10997;	2.763
0.11202;	2.769
0.11270;	2.786
0.11339;	2.789
0.11885;	2.802
0.12363;	2.809
0.12500;	2.822
0.12568;	2.829
0.12978;	2.832
0.13115;	2.836
0.15369;	2.84
0.17760;	2.856
0.17828;	2.859
0.17964;	2.879
0.20423;	2.88
0.20697;	2.899
0.31694;	2.902
0.31762;	2.915
0.31899;	2.922
0.31967;	2.925
0.32036;	2.942
0.32240;	2.948
0.32514;	2.972
0.32582;	2.995
0.32855;	3.041
0.32923;	3.065
0.33060;	3.134
0.33197;	3.157
0.33470;	3.181
0.33811;	3.204
0.33880;	3.227
0.33948;	3.236
0.34016;	3.274
0.34085;	3.297
0.34221;	3.303
0.35587;	3.32
0.35656;	3.336
0.35929;	3.36
0.39617;	3.39
0.39686;	3.436
0.39891;	3.459
0.39959;	3.552
0.40027;	3.628
0.40301;	3.645
0.40369;	3.691
0.40437;	3.703
0.40642;	3.737
0.40779;	3.738
0.41325;	3.784
0.41530;	3.8
0.41598;	3.808
0.41667;	3.833
0.41735;	3.84
0.45697;	3.877
0.45765;	3.9
0.45833;	3.947
0.45902;	3.993
0.46038;	4.017
0.46243;	4.109
0.46311;	4.133
0.46448;	4.204
0.46585;	4.226
0.47268;	4.249
0.47336;	4.272
0.47473;	4.28
0.47609;	4.32
0.47678;	4.333
0.47814;	4.342
0.47951;	4.36
0.50615;	4.365
0.50683;	4.385
0.50751;	4.388
0.50820;	4.435
0.50956;	4.574
0.51025;	4.62
0.51093;	4.667
0.51161;	4.671
0.51298;	4.69
0.51434;	4.704
0.51981;	4.713
0.52049;	4.736
0.52117;	4.76
0.52186;	4.8
0.54918;	4.829
0.55191;	4.852
0.55533;	5.038
0.55738;	5.131
0.55806;	5.171
0.56079;	5.178
0.56148;	5.266
0.56352;	5.28
0.56421;	5.291
0.59016;	5.294
0.59085;	5.333
0.59153;	5.363
0.59290;	5.479
0.59426;	5.503
0.59563;	5.605
0.59768;	5.642
0.59836;	5.72
0.61475;	5.758
0.61544;	5.766
0.61612;	5.781
0.61680;	5.804
0.61749;	5.828
0.61817;	5.921
0.61885;	5.964
0.62090;	5.967
0.62158;	5.99
0.62227;	6.06
0.62432;	6.106
0.62500;	6.199
0.64891;	6.222
0.64959;	6.246
0.65027;	6.315
0.65096;	6.381
0.65232;	6.431
0.65642;	6.571
0.65710;	6.594
0.65779;	6.617
0.65984;	6.64
0.66052;	6.664
0.67555;	6.687
0.67623;	6.733
0.67691;	6.757
0.67760;	6.849
0.67896;	6.873
0.68033;	6.896
0.68238;	6.942
0.68306;	7.012
0.68648;	7.035
0.68716;	7.082
0.68784;	7.133
0.70219;	7.151
0.70287;	7.198
0.70355;	7.267
0.70423;	7.291
0.70492;	7.314
0.70560;	7.337
0.70628;	7.36
0.70697;	7.43
0.70765;	7.5
0.70833;	7.546
0.71926;	7.616
0.72063;	7.639
0.72268;	7.662
0.72404;	7.755
0.72473;	7.825
0.72541;	7.848
0.72609;	7.918
0.73019;	7.964
0.73156;	7.987
0.73224;	8.01
0.73292;	8.057
0.73361;	8.066
0.75000;	8.08
0.75068;	8.103
0.75205;	8.126
0.75273;	8.216
0.75342;	8.266
0.75478;	8.289
0.75546;	8.359
0.75615;	8.382
0.75956;	8.428
0.76025;	8.452
0.76093;	8.533
0.77322;	8.544
0.77391;	8.684
0.77459;	8.717
0.77527;	8.777
0.77596;	8.842
0.77664;	8.87
0.77732;	8.893
0.77801;	8.916
0.79098;	9.009
0.79167;	9.217
0.79372;	9.218
0.79440;	9.309
0.79508;	9.311
0.79781;	9.357
0.79850;	9.375
0.79918;	9.427
0.81557;	9.473
0.81626;	9.543
0.81694;	9.613
0.81762;	9.682
0.81831;	9.729
0.81899;	9.809
0.82036;	9.891
0.83197;	9.938
0.83333;	9.961
0.83402;	9.984
0.83470;	10.077
0.83743;	10.147
0.83811;	10.286
0.83880;	10.309
0.83948;	10.4
0.84699;	10.402
0.84768;	10.425
0.84973;	10.448
0.85041;	10.495
0.85109;	10.593
0.85314;	10.611
0.85451;	10.681
0.85519;	10.704
0.85861;	10.75
0.85929;	10.774
0.87022;	10.866
0.87227;	11.075
0.87295;	11.192
0.87363;	11.215
0.87568;	11.238
0.88251;	11.331
0.88320;	11.377
0.88388;	11.4
0.88456;	11.517
0.88593;	11.679
0.88730;	11.772
0.89276;	11.795
0.89344;	11.842
0.89413;	12.004
0.89481;	12.097
0.89617;	12.167
0.90096;	12.26
0.90164;	12.345
0.90232;	12.353
0.90301;	12.399
0.90369;	12.445
0.90437;	12.538
0.90505;	12.561
0.90710;	12.608
0.90779;	12.654
0.90847;	12.678
0.91325;	12.724
0.91393;	12.733
0.91462;	12.747
0.91530;	12.794
0.91598;	12.817
0.91667;	12.933
0.91735;	12.979
0.91803;	13.072
0.91872;	13.119
0.92077;	13.188
0.92145;	13.281
0.92213;	13.52
0.92281;	13.537
0.92828;	13.653
0.92896;	13.931
0.92964;	13.955
0.93033;	13.978
0.93101;	13.98
0.93374;	14.117
0.93579;	14.164
0.93648;	14.187
0.93716;	14.21
0.93784;	14.373
0.93852;	14.447
0.93989;	14.466
0.94331;	14.582
0.94467;	14.628
0.94536;	14.639
0.94604;	14.675
0.94740;	14.86
0.95219;	15.046
0.95287;	15.139
0.95355;	15.464
0.95560;	15.51
0.95697;	15.603
0.95765;	15.673
0.95902;	15.766
0.95970;	15.812
0.96038;	15.975
0.96107;	16.068
0.96175;	16.091
0.96243;	16.253
0.96311;	16.277
0.96380;	16.323
0.96721;	16.439
0.96790;	16.555
0.96858;	16.904
0.96926;	16.927
0.97063;	16.997
0.97131;	17.113
0.97404;	17.368
0.97473;	17.461
0.97678;	17.832
0.97746;	17.902
0.97951;	17.925
0.98019;	18.204
0.98087;	18.297
0.98156;	18.552
0.98224;	19.04
0.98361;	19.226
0.98429;	19.365
0.98566;	19.69
0.98634;	20.154
0.98770;	20.619
0.98839;	20.967
0.98907;	21.08
0.98975;	21.104
0.99044;	21.78
0.99112;	22.012
0.99180;	22.476
0.99249;	23.127
0.99317;	23.243
0.99385;	23.382
0.99454;	23.754
0.99522;	24.055
0.99590;	24.357
0.99658;	24.682
0.99727;	24.775
0.99795;	25.007
0.99863;	26.192
0.99932;	28.305
1.00000;	39.775

=========================

===== Initial Buffer Size [s] (DTube (WiFi)) =====
0.01264;	0.0
0.01484;	0.51
0.01593;	0.952
0.01703;	1.514
0.01813;	1.741
0.01923;	1.904
0.02198;	1.95
0.02308;	2.048
0.02418;	2.09
0.02527;	2.113
0.02637;	2.154
0.02747;	2.197
0.02857;	2.228
0.02967;	2.252
0.03077;	2.282
0.03242;	2.304
0.03626;	2.345
0.03736;	2.353
0.04121;	2.391
0.04396;	2.432
0.04615;	2.438
0.05220;	2.454
0.05879;	2.474
0.06099;	2.488
0.06374;	2.502
0.08956;	2.507
0.11648;	2.517
0.11813;	2.519
0.14670;	2.53
0.14780;	2.533
0.15055;	2.537
0.16593;	2.54
0.16703;	2.55
0.16978;	2.553
0.19121;	2.555
0.21484;	2.56
0.21593;	2.574
0.24121;	2.577
0.25989;	2.596
0.27198;	2.6
0.28571;	2.602
0.28736;	2.618
0.28901;	2.621
0.33736;	2.624
0.33901;	2.63
0.34066;	2.638
0.35659;	2.646
0.37088;	2.648
0.37198;	2.651
0.37308;	2.661
0.37418;	2.664
0.39066;	2.667
0.39945;	2.67
0.40055;	2.68
0.40165;	2.686
0.41264;	2.69
0.42363;	2.701
0.44231;	2.716
0.44505;	2.729
0.45330;	2.732
0.46374;	2.739
0.46484;	2.75
0.47802;	2.752
0.47912;	2.762
0.48681;	2.771
0.49451;	2.782
0.49560;	2.785
0.50330;	2.793
0.50934;	2.8
0.51374;	2.809
0.52143;	2.816
0.52253;	2.829
0.52967;	2.833
0.53516;	2.837
0.53626;	2.848
0.54341;	2.857
0.55220;	2.871
0.55330;	2.878
0.56319;	2.88
0.56429;	2.893
0.56593;	2.899
0.58352;	2.902
0.59011;	2.922
0.59890;	2.942
0.60220;	2.944
0.61099;	2.965
0.61484;	2.972
0.62198;	2.995
0.62582;	3.008
0.63626;	3.029
0.63846;	3.041
0.64066;	3.05
0.64341;	3.065
0.64670;	3.072
0.64780;	3.084
0.65275;	3.093
0.65604;	3.111
0.65769;	3.134
0.65879;	3.144
0.66648;	3.178
0.66978;	3.181
0.67363;	3.203
0.67527;	3.22
0.68077;	3.227
0.68352;	3.242
0.68571;	3.263
0.68791;	3.27
0.69066;	3.275
0.69341;	3.29
0.69670;	3.306
0.69780;	3.32
0.69890;	3.327
0.70055;	3.343
0.70495;	3.366
0.70989;	3.39
0.71484;	3.413
0.71868;	3.436
0.71978;	3.459
0.72143;	3.477
0.72582;	3.498
0.72747;	3.506
0.73022;	3.549
0.73132;	3.575
0.73462;	3.598
0.73626;	3.605
0.73901;	3.626
0.74121;	3.648
0.74341;	3.669
0.74505;	3.691
0.74835;	3.715
0.75055;	3.738
0.75165;	3.755
0.75385;	3.784
0.75714;	3.808
0.75879;	3.819
0.75989;	3.83
0.76209;	3.832
0.76319;	3.859
0.76923;	3.877
0.77198;	3.904
0.77473;	3.925
0.77637;	3.947
0.77912;	3.968
0.78132;	3.989
0.78407;	4.017
0.78571;	4.086
0.78681;	4.096
0.79231;	4.117
0.79505;	4.133
0.79615;	4.15
0.79890;	4.159
0.80055;	4.181
0.80220;	4.226
0.80385;	4.265
0.80549;	4.272
0.80714;	4.288
0.80879;	4.309
0.81044;	4.33
0.81209;	4.352
0.81593;	4.388
0.81813;	4.416
0.81978;	4.435
0.82253;	4.458
0.82473;	4.501
0.82637;	4.522
0.82912;	4.586
0.83132;	4.62
0.83407;	4.643
0.83516;	4.667
0.83736;	4.693
0.83846;	4.714
0.84011;	4.757
0.84176;	4.778
0.84396;	4.8
0.84560;	4.821
0.84725;	4.852
0.84890;	4.898
0.85110;	4.902
0.85275;	4.945
0.85440;	5.015
0.85549;	5.038
0.85659;	5.085
0.85769;	5.108
0.85879;	5.16
0.86044;	5.178
0.86319;	5.226
0.86484;	5.269
0.86593;	5.294
0.86758;	5.32
0.86868;	5.35
0.86978;	5.361
0.87143;	5.433
0.87308;	5.479
0.87418;	5.504
0.87527;	5.526
0.87637;	5.568
0.87747;	5.586
0.87857;	5.641
0.87967;	5.717
0.88077;	5.732
0.88242;	5.758
0.88352;	5.781
0.88462;	5.804
0.88571;	5.845
0.88736;	5.874
0.88901;	5.93
0.89121;	5.947
0.89231;	6.013
0.89341;	6.083
0.89451;	6.122
0.89560;	6.208
0.89725;	6.293
0.89835;	6.431
0.89945;	6.478
0.90055;	6.524
0.90220;	6.57
0.90440;	6.594
0.90549;	6.656
0.90659;	6.71
0.90769;	6.78
0.90879;	6.869
0.90989;	6.896
0.91099;	6.954
0.91264;	7.012
0.91374;	7.058
0.91593;	7.128
0.91703;	7.198
0.91868;	7.291
0.92033;	7.36
0.92143;	7.424
0.92253;	7.594
0.92527;	7.662
0.92637;	7.755
0.92747;	7.895
0.92857;	8.064
0.92967;	8.164
0.93077;	8.196
0.93462;	8.266
0.93736;	8.289
0.93846;	8.405
0.93956;	8.428
0.94066;	8.498
0.94176;	8.568
0.94396;	8.614
0.94505;	8.683
0.94725;	8.707
0.94835;	8.753
0.94945;	8.853
0.95055;	9.032
0.95275;	9.218
0.95385;	9.386
0.95495;	9.705
0.95604;	9.729
0.95824;	10.1
0.95934;	10.216
0.96044;	10.379
0.96154;	10.496
0.96264;	10.56
0.96429;	10.666
0.96593;	10.816
0.96703;	10.88
0.96813;	10.922
0.96923;	11.007
0.97033;	11.541
0.97143;	11.702
0.97253;	11.882
0.97363;	11.933
0.97473;	11.989
0.97582;	12.205
0.97692;	12.629
0.97802;	12.91
0.97912;	13.421
0.98022;	13.537
0.98132;	13.966
0.98242;	14.25
0.98352;	14.657
0.98462;	14.976
0.98571;	15.116
0.98681;	15.263
0.98791;	15.87
0.98901;	16.085
0.99011;	16.811
0.99121;	18.041
0.99231;	18.761
0.99341;	20.758
0.99451;	21.71
0.99560;	23.312
0.99670;	23.916
0.99780;	25.962
0.99890;	29.442
1.00000;	113.359

=========================

===== Initial Buffer Size [s] (DTube (Cellular)) =====
0.00378;	0.0
0.00504;	0.812
0.00630;	0.859
0.00756;	1.088
0.00882;	1.184
0.01134;	1.621
0.01259;	1.648
0.01385;	1.671
0.01511;	1.685
0.01637;	1.856
0.01889;	1.857
0.02015;	1.898
0.02141;	1.973
0.02267;	2.112
0.02393;	2.154
0.02519;	2.182
0.02645;	2.197
0.02771;	2.261
0.02897;	2.275
0.03023;	2.304
0.03149;	2.321
0.03275;	2.389
0.03401;	2.391
0.03526;	2.41
0.03652;	2.414
0.03778;	2.42
0.03904;	2.431
0.04030;	2.432
0.04282;	2.453
0.04912;	2.461
0.05164;	2.484
0.05919;	2.496
0.06045;	2.5
0.06297;	2.502
0.07683;	2.507
0.07809;	2.513
0.07935;	2.515
0.08060;	2.516
0.11713;	2.517
0.11839;	2.518
0.12091;	2.522
0.12217;	2.527
0.12343;	2.528
0.14610;	2.53
0.14987;	2.535
0.15113;	2.537
0.17758;	2.538
0.17884;	2.55
0.18136;	2.553
0.20655;	2.554
0.20781;	2.556
0.20907;	2.557
0.21159;	2.558
0.22544;	2.56
0.22670;	2.564
0.22796;	2.574
0.22922;	2.576
0.25693;	2.577
0.28841;	2.581
0.29219;	2.597
0.30605;	2.6
0.31990;	2.602
0.32116;	2.603
0.32242;	2.62
0.35894;	2.623
0.37783;	2.624
0.37909;	2.625
0.38035;	2.626
0.38161;	2.629
0.38413;	2.635
0.38539;	2.643
0.39924;	2.645
0.41814;	2.647
0.41940;	2.665
0.44836;	2.666
0.45214;	2.67
0.45466;	2.686
0.45592;	2.687
0.46599;	2.688
0.46725;	2.69
0.47481;	2.693
0.47607;	2.707
0.48489;	2.709
0.49622;	2.716
0.51637;	2.73
0.52141;	2.739
0.52267;	2.749
0.52393;	2.75
0.54660;	2.752
0.54912;	2.762
0.56045;	2.763
0.57557;	2.773
0.57683;	2.776
0.58816;	2.786
0.58942;	2.791
0.60453;	2.794
0.60579;	2.809
0.61965;	2.816
0.62343;	2.832
0.62469;	2.835
0.62594;	2.836
0.63224;	2.837
0.63350;	2.839
0.63476;	2.855
0.64232;	2.856
0.64610;	2.858
0.65239;	2.879
0.66121;	2.88
0.66247;	2.899
0.66877;	2.901
0.68262;	2.902
0.68388;	2.912
0.69521;	2.922
0.70655;	2.925
0.71285;	2.944
0.72166;	2.948
0.72418;	2.965
0.73426;	2.986
0.73552;	2.991
0.74433;	2.995
0.74559;	3.008
0.75441;	3.018
0.75819;	3.029
0.76071;	3.041
0.76196;	3.047
0.76322;	3.05
0.76574;	3.065
0.76700;	3.069
0.77330;	3.072
0.77456;	3.088
0.77708;	3.093
0.77834;	3.11
0.78212;	3.111
0.78589;	3.114
0.78967;	3.134
0.79345;	3.136
0.79849;	3.157
0.79975;	3.166
0.80353;	3.178
0.80479;	3.179
0.80730;	3.199
0.80982;	3.2
0.81360;	3.204
0.81486;	3.221
0.81738;	3.227
0.81864;	3.242
0.82242;	3.25
0.82368;	3.263
0.82494;	3.264
0.82620;	3.285
0.82746;	3.306
0.82997;	3.32
0.83249;	3.328
0.83375;	3.331
0.83501;	3.34
0.83879;	3.37
0.84257;	3.39
0.84383;	3.412
0.84635;	3.413
0.84761;	3.431
0.85013;	3.434
0.85139;	3.436
0.85264;	3.482
0.85390;	3.495
0.85516;	3.506
0.85642;	3.519
0.85768;	3.52
0.85894;	3.529
0.86020;	3.552
0.86272;	3.562
0.86398;	3.584
0.86524;	3.599
0.86650;	3.619
0.86776;	3.669
0.86902;	3.69
0.87280;	3.733
0.87406;	3.737
0.87657;	3.761
0.87783;	3.776
0.87909;	3.784
0.88035;	3.797
0.88161;	3.808
0.88413;	3.818
0.88539;	3.861
0.88917;	3.877
0.89043;	3.882
0.89169;	3.9
0.89295;	3.925
0.89421;	3.946
0.89547;	3.947
0.89798;	4.01
0.89924;	4.032
0.90050;	4.04
0.90176;	4.086
0.90302;	4.156
0.90428;	4.202
0.90554;	4.287
0.90680;	4.365
0.90932;	4.435
0.91058;	4.437
0.91310;	4.458
0.91436;	4.48
0.91562;	4.501
0.91688;	4.586
0.91814;	4.757
0.91940;	4.76
0.92065;	4.829
0.92191;	4.922
0.92317;	4.945
0.92443;	5.061
0.92569;	5.085
0.92695;	5.108
0.92821;	5.184
0.92947;	5.205
0.93073;	5.224
0.93199;	5.269
0.93325;	5.317
0.93451;	5.333
0.93577;	5.354
0.93703;	5.456
0.93829;	5.479
0.93955;	5.546
0.94081;	5.572
0.94207;	5.632
0.94458;	5.653
0.94584;	5.665
0.94710;	5.712
0.94836;	5.944
0.94962;	5.952
0.95088;	5.967
0.95214;	5.973
0.95340;	6.06
0.95466;	6.106
0.95592;	6.153
0.95718;	6.208
0.95844;	6.222
0.95970;	6.229
0.96096;	6.315
0.96222;	6.479
0.96348;	6.933
0.96474;	6.965
0.96599;	6.989
0.96725;	7.146
0.96851;	7.317
0.96977;	7.338
0.97103;	7.407
0.97355;	7.546
0.97481;	7.722
0.97607;	7.941
0.97733;	8.445
0.97859;	8.725
0.97985;	8.846
0.98111;	8.853
0.98237;	9.173
0.98363;	9.613
0.98489;	9.822
0.98615;	10.147
0.98741;	10.356
0.98866;	11.989
0.98992;	12.01
0.99118;	12.181
0.99244;	12.206
0.99370;	14.419
0.99496;	16.618
0.99622;	16.857
0.99748;	22.523
0.99874;	25.92
1.00000;	27.631

=========================

