===== Load Duration [s] (YouTube (WiFi)) =====
0.00025;	0.187
0.00123;	0.479
0.00221;	0.597
0.00319;	0.749
0.00417;	0.827
0.00515;	0.956
0.00614;	1.029
0.00712;	1.089
0.00835;	1.193
0.00933;	1.296
0.01031;	1.335
0.01129;	1.488
0.01227;	1.698
0.01325;	1.835
0.01424;	1.921
0.01522;	2.082
0.01620;	2.402
0.01718;	2.442
0.01816;	2.54
0.01915;	2.843
0.02037;	2.992
0.02135;	3.648
0.02234;	6.004
0.02332;	36.857
0.02430;	38.082
0.02528;	38.623
0.02626;	39.163
0.02725;	39.351
0.02823;	39.746
0.02921;	40.106
0.03019;	40.565
0.03117;	41.304
0.03216;	41.509
0.03314;	42.06
0.03412;	43.264
0.03510;	44.039
0.03608;	45.067
0.03706;	46.224
0.03805;	47.297
0.03903;	47.715
0.04001;	48.193
0.04099;	50.724
0.04197;	52.911
0.04320;	53.42
0.04418;	54.006
0.04516;	59.235
0.04615;	60.21
0.04713;	60.221
0.04811;	60.237
0.04909;	60.252
0.05032;	60.271
0.05155;	60.283
0.05302;	60.288
0.05547;	60.293
0.05768;	60.299
0.05965;	60.303
0.06186;	60.307
0.06456;	60.311
0.06848;	60.315
0.07266;	60.319
0.07413;	60.323
0.07806;	60.327
0.08051;	60.331
0.08640;	60.335
0.08910;	60.339
0.09450;	60.343
0.09843;	60.347
0.10187;	60.351
0.10825;	60.355
0.11389;	60.359
0.12003;	60.363
0.12764;	60.367
0.13525;	60.371
0.14359;	60.375
0.15292;	60.379
0.16151;	60.383
0.17158;	60.387
0.18238;	60.391
0.19416;	60.395
0.20201;	60.399
0.21502;	60.403
0.22582;	60.407
0.23908;	60.411
0.25135;	60.415
0.26485;	60.419
0.27860;	60.423
0.29406;	60.427
0.31051;	60.431
0.32302;	60.435
0.34413;	60.439
0.35616;	60.443
0.36991;	60.447
0.38684;	60.451
0.40378;	60.455
0.42145;	60.459
0.43520;	60.463
0.44821;	60.467
0.46220;	60.471
0.47324;	60.475
0.48994;	60.479
0.50368;	60.483
0.51571;	60.487
0.52774;	60.491
0.53780;	60.495
0.54786;	60.499
0.55940;	60.503
0.56946;	60.507
0.58076;	60.511
0.59278;	60.515
0.60309;	60.519
0.61291;	60.523
0.62052;	60.527
0.63108;	60.531
0.63942;	60.535
0.64801;	60.539
0.65734;	60.543
0.66544;	60.547
0.67452;	60.551
0.68262;	60.555
0.69146;	60.559
0.69661;	60.563
0.70349;	60.567
0.70913;	60.571
0.71625;	60.575
0.72116;	60.579
0.72779;	60.583
0.73319;	60.587
0.74104;	60.591
0.74595;	60.595
0.75282;	60.599
0.75822;	60.603
0.76362;	60.607
0.76976;	60.611
0.77344;	60.615
0.77933;	60.619
0.78400;	60.623
0.78768;	60.627
0.79283;	60.631
0.79750;	60.635
0.80069;	60.639
0.80461;	60.643
0.81026;	60.647
0.81394;	60.651
0.81713;	60.655
0.82204;	60.659
0.82572;	60.663
0.82916;	60.668
0.83186;	60.672
0.83456;	60.676
0.83702;	60.68
0.83972;	60.684
0.84315;	60.688
0.84585;	60.692
0.85052;	60.698
0.85199;	60.702
0.85346;	60.706
0.85641;	60.711
0.86082;	60.715
0.86451;	60.719
0.86794;	60.724
0.87015;	60.728
0.87285;	60.733
0.87482;	60.737
0.87899;	60.741
0.88022;	60.745
0.88439;	60.75
0.88709;	60.754
0.89077;	60.758
0.89298;	60.762
0.89568;	60.767
0.89789;	60.771
0.90083;	60.775
0.90280;	60.779
0.90403;	60.786
0.90722;	60.79
0.91090;	60.794
0.91262;	60.8
0.91409;	60.806
0.91605;	60.81
0.91851;	60.816
0.92121;	60.82
0.92293;	60.827
0.92514;	60.835
0.92734;	60.84
0.92833;	60.844
0.93078;	60.851
0.93274;	60.856
0.93373;	60.861
0.93544;	60.865
0.93692;	60.87
0.93814;	60.879
0.94011;	60.883
0.94109;	60.891
0.94232;	60.9
0.94354;	60.91
0.94551;	60.916
0.94674;	60.923
0.94845;	60.929
0.95091;	60.934
0.95238;	60.943
0.95336;	60.949
0.95459;	60.954
0.95655;	60.962
0.95754;	60.971
0.95901;	60.981
0.95999;	60.987
0.96146;	61.004
0.96269;	61.016
0.96392;	61.02
0.96490;	61.029
0.96613;	61.039
0.96735;	61.048
0.96858;	61.057
0.96981;	61.067
0.97079;	61.084
0.97177;	61.109
0.97300;	61.122
0.97398;	61.138
0.97521;	61.15
0.97619;	61.164
0.97717;	61.176
0.97840;	61.196
0.97938;	61.225
0.98036;	61.275
0.98135;	61.309
0.98233;	61.339
0.98331;	61.367
0.98429;	61.401
0.98552;	61.468
0.98650;	61.544
0.98748;	61.569
0.98846;	61.629
0.98945;	61.761
0.99043;	61.909
0.99141;	62.018
0.99239;	62.172
0.99337;	62.308
0.99435;	62.633
0.99534;	62.864
0.99632;	63.642
0.99730;	64.544
0.99828;	65.812
0.99926;	160.709

=========================

===== Load Duration [s] (YouTube (Cellular)) =====
0.00068;	0.4
0.00342;	0.563
0.00615;	0.664
0.00888;	0.8
0.01161;	0.977
0.01434;	1.172
0.01708;	1.891
0.01981;	3.368
0.02254;	5.694
0.02527;	8.97
0.02801;	13.637
0.03074;	26.983
0.03347;	36.511
0.03620;	39.021
0.03893;	41.001
0.04167;	41.733
0.04440;	43.189
0.04713;	44.426
0.04986;	46.278
0.05260;	47.681
0.05533;	49.544
0.05806;	50.962
0.06079;	54.33
0.06352;	58.324
0.06626;	60.301
0.06967;	60.311
0.07240;	60.341
0.07582;	60.359
0.07992;	60.367
0.08333;	60.372
0.08607;	60.377
0.09016;	60.382
0.09290;	60.386
0.09699;	60.393
0.10041;	60.398
0.10451;	60.402
0.11202;	60.407
0.11954;	60.411
0.12500;	60.416
0.13115;	60.42
0.14003;	60.424
0.15232;	60.428
0.15847;	60.432
0.16325;	60.436
0.17623;	60.44
0.18374;	60.444
0.19194;	60.448
0.20492;	60.453
0.21038;	60.457
0.21858;	60.461
0.22678;	60.465
0.23429;	60.469
0.24180;	60.473
0.25068;	60.477
0.26025;	60.482
0.26913;	60.486
0.27869;	60.49
0.28620;	60.495
0.29508;	60.499
0.30328;	60.503
0.31148;	60.507
0.32650;	60.511
0.33811;	60.515
0.34358;	60.519
0.35178;	60.523
0.35861;	60.528
0.36749;	60.532
0.37842;	60.536
0.38866;	60.54
0.39754;	60.544
0.40779;	60.548
0.41940;	60.552
0.43033;	60.556
0.44126;	60.561
0.45287;	60.566
0.46516;	60.57
0.47746;	60.574
0.48497;	60.578
0.49658;	60.582
0.50751;	60.587
0.51639;	60.592
0.52186;	60.597
0.53142;	60.601
0.54098;	60.605
0.54850;	60.609
0.55464;	60.613
0.55874;	60.617
0.56557;	60.622
0.57377;	60.626
0.58333;	60.63
0.59016;	60.634
0.59836;	60.638
0.60246;	60.643
0.61066;	60.647
0.61544;	60.651
0.62295;	60.658
0.62842;	60.664
0.63456;	60.668
0.64481;	60.672
0.65096;	60.676
0.65642;	60.683
0.66257;	60.687
0.66530;	60.692
0.66803;	60.698
0.67418;	60.704
0.68169;	60.709
0.68921;	60.714
0.69399;	60.719
0.69877;	60.726
0.70423;	60.732
0.70765;	60.737
0.71380;	60.745
0.71790;	60.753
0.72131;	60.758
0.72541;	60.763
0.72951;	60.768
0.73566;	60.773
0.74112;	60.781
0.74658;	60.791
0.75000;	60.797
0.75478;	60.805
0.75820;	60.812
0.76298;	60.819
0.76639;	60.826
0.77049;	60.835
0.77391;	60.843
0.77869;	60.848
0.78142;	60.853
0.78415;	60.86
0.78757;	60.867
0.79098;	60.875
0.79508;	60.883
0.79850;	60.889
0.80328;	60.901
0.80738;	60.908
0.81216;	60.917
0.81557;	60.93
0.81899;	60.944
0.82172;	60.95
0.82514;	60.958
0.82855;	60.965
0.83197;	60.979
0.83538;	60.992
0.83811;	61.015
0.84085;	61.033
0.84358;	61.044
0.84631;	61.052
0.84904;	61.062
0.85178;	61.066
0.85519;	61.074
0.85861;	61.092
0.86134;	61.102
0.86475;	61.116
0.86749;	61.135
0.87090;	61.178
0.87363;	61.206
0.87637;	61.225
0.87910;	61.246
0.88251;	61.269
0.88525;	61.293
0.88866;	61.315
0.89139;	61.334
0.89413;	61.357
0.89686;	61.39
0.89959;	61.439
0.90232;	61.514
0.90505;	61.527
0.90779;	61.579
0.91052;	61.652
0.91325;	61.69
0.91598;	61.803
0.91872;	61.835
0.92145;	61.881
0.92418;	61.94
0.92691;	62.006
0.92964;	62.093
0.93238;	62.194
0.93511;	62.347
0.93784;	62.481
0.94057;	62.545
0.94331;	62.717
0.94604;	62.91
0.94877;	63.016
0.95150;	63.3
0.95423;	63.796
0.95697;	63.936
0.95970;	64.339
0.96243;	64.586
0.96516;	64.843
0.96790;	65.182
0.97063;	65.525
0.97336;	66.016
0.97609;	66.436
0.97883;	66.744
0.98156;	67.486
0.98429;	67.906
0.98702;	69.485
0.98975;	70.977
0.99249;	76.096
0.99522;	79.688
0.99795;	91.432

=========================

===== Load Duration [s] (DTube (WiFi)) =====
0.00055;	0.241
0.00275;	1.026
0.00495;	1.179
0.00714;	1.72
0.00989;	2.437
0.01209;	2.553
0.01429;	2.806
0.01648;	3.13
0.01868;	3.49
0.02088;	4.01
0.02308;	5.692
0.02527;	6.943
0.02747;	9.014
0.02967;	10.499
0.03187;	13.114
0.03407;	21.736
0.03626;	37.116
0.03846;	38.806
0.04066;	39.458
0.04286;	41.088
0.04505;	41.569
0.04725;	42.271
0.04945;	42.667
0.05165;	43.51
0.05385;	43.93
0.05604;	44.831
0.05824;	46.431
0.06044;	47.026
0.06264;	47.441
0.06484;	50.907
0.06703;	54.002
0.06923;	58.686
0.07143;	60.155
0.07363;	60.17
0.07582;	60.179
0.07967;	60.186
0.08407;	60.192
0.08846;	60.197
0.09396;	60.203
0.09890;	60.207
0.10330;	60.213
0.10714;	60.217
0.11538;	60.221
0.12033;	60.225
0.12418;	60.229
0.13077;	60.233
0.13956;	60.237
0.14725;	60.241
0.15275;	60.245
0.16044;	60.249
0.16923;	60.253
0.17747;	60.257
0.18681;	60.261
0.19945;	60.265
0.21264;	60.269
0.22582;	60.273
0.24121;	60.277
0.26538;	60.281
0.27747;	60.285
0.29396;	60.289
0.30824;	60.293
0.32363;	60.297
0.34725;	60.301
0.36154;	60.305
0.37802;	60.309
0.39341;	60.313
0.40220;	60.317
0.41044;	60.321
0.42088;	60.325
0.43187;	60.329
0.44505;	60.333
0.45385;	60.337
0.46319;	60.341
0.47143;	60.345
0.48022;	60.349
0.48956;	60.353
0.49670;	60.357
0.50604;	60.361
0.51484;	60.365
0.52747;	60.369
0.53462;	60.373
0.54066;	60.377
0.54890;	60.382
0.55604;	60.386
0.56154;	60.39
0.56868;	60.394
0.57637;	60.398
0.58352;	60.402
0.59066;	60.407
0.59670;	60.412
0.60055;	60.416
0.60385;	60.42
0.60989;	60.424
0.61484;	60.428
0.61923;	60.432
0.62692;	60.436
0.63352;	60.441
0.64176;	60.446
0.64670;	60.45
0.65110;	60.457
0.65495;	60.461
0.65934;	60.465
0.66538;	60.472
0.67308;	60.476
0.67912;	60.48
0.68571;	60.484
0.69231;	60.489
0.69670;	60.494
0.70000;	60.498
0.70385;	60.502
0.70824;	60.506
0.71374;	60.513
0.71978;	60.517
0.72473;	60.523
0.72912;	60.527
0.73297;	60.531
0.73681;	60.536
0.73956;	60.54
0.74396;	60.545
0.74670;	60.549
0.75110;	60.554
0.75330;	60.561
0.75549;	60.567
0.75989;	60.571
0.76538;	60.576
0.77088;	60.582
0.77363;	60.587
0.77637;	60.595
0.77967;	60.601
0.78297;	60.61
0.78516;	60.616
0.79011;	60.622
0.79231;	60.628
0.79505;	60.634
0.79780;	60.639
0.80000;	60.644
0.80440;	60.653
0.80769;	60.657
0.81099;	60.666
0.81429;	60.67
0.81703;	60.682
0.82033;	60.688
0.82308;	60.695
0.82637;	60.699
0.83022;	60.706
0.83462;	60.716
0.83681;	60.726
0.83956;	60.733
0.84176;	60.737
0.84505;	60.743
0.84890;	60.756
0.85110;	60.763
0.85385;	60.771
0.85714;	60.792
0.85934;	60.805
0.86264;	60.813
0.86484;	60.823
0.86758;	60.829
0.86978;	60.835
0.87308;	60.85
0.87582;	60.865
0.87802;	60.875
0.88022;	60.882
0.88242;	60.895
0.88516;	60.911
0.88791;	60.917
0.89066;	60.934
0.89286;	60.949
0.89560;	60.972
0.89780;	60.984
0.90000;	61.0
0.90275;	61.024
0.90549;	61.044
0.90769;	61.063
0.91044;	61.076
0.91264;	61.089
0.91538;	61.116
0.91758;	61.158
0.91978;	61.197
0.92198;	61.22
0.92418;	61.234
0.92637;	61.281
0.92857;	61.296
0.93077;	61.342
0.93297;	61.378
0.93516;	61.401
0.93736;	61.418
0.93956;	61.431
0.94231;	61.478
0.94505;	61.492
0.94725;	61.573
0.95000;	61.658
0.95220;	61.706
0.95440;	61.731
0.95659;	61.782
0.95879;	61.854
0.96099;	61.957
0.96319;	62.035
0.96538;	62.076
0.96758;	62.306
0.96978;	62.421
0.97253;	62.55
0.97473;	62.767
0.97692;	62.832
0.97912;	62.982
0.98132;	63.21
0.98352;	63.399
0.98571;	63.65
0.98791;	64.14
0.99011;	64.873
0.99231;	65.838
0.99451;	73.331
0.99670;	150.876
0.99890;	489.864

=========================

===== Load Duration [s] (DTube (Cellular)) =====
0.00126;	0.798
0.00378;	1.403
0.00630;	1.711
0.00882;	1.965
0.01134;	2.124
0.01511;	2.578
0.01763;	2.672
0.02015;	2.692
0.02267;	3.055
0.02519;	3.163
0.02771;	3.296
0.03023;	4.002
0.03275;	6.748
0.03526;	7.941
0.03778;	15.539
0.04030;	22.273
0.04282;	39.882
0.04534;	40.236
0.04786;	42.934
0.05038;	44.446
0.05290;	45.68
0.05542;	47.943
0.05793;	51.652
0.06045;	54.142
0.06297;	59.965
0.06549;	60.17
0.06927;	60.182
0.07179;	60.197
0.07557;	60.204
0.07809;	60.208
0.08186;	60.211
0.08438;	60.215
0.08942;	60.218
0.09194;	60.22
0.09572;	60.224
0.10076;	60.229
0.10453;	60.232
0.10831;	60.234
0.11083;	60.237
0.11461;	60.24
0.12091;	60.243
0.12846;	60.245
0.13350;	60.247
0.14484;	60.249
0.15113;	60.251
0.15869;	60.253
0.16499;	60.255
0.17128;	60.257
0.17632;	60.259
0.18136;	60.261
0.18892;	60.263
0.19647;	60.265
0.20277;	60.267
0.21159;	60.269
0.22166;	60.271
0.22670;	60.273
0.23678;	60.275
0.24055;	60.277
0.24433;	60.279
0.24937;	60.281
0.25567;	60.284
0.25945;	60.287
0.26448;	60.29
0.27204;	60.292
0.28338;	60.296
0.28841;	60.298
0.29219;	60.3
0.30353;	60.302
0.30730;	60.304
0.30982;	60.306
0.31738;	60.308
0.32242;	60.31
0.32494;	60.312
0.32872;	60.314
0.33753;	60.317
0.34005;	60.32
0.34761;	60.322
0.35642;	60.324
0.35894;	60.326
0.36650;	60.329
0.37280;	60.332
0.37657;	60.334
0.38413;	60.336
0.39043;	60.338
0.39798;	60.34
0.40302;	60.342
0.41058;	60.347
0.41436;	60.35
0.41688;	60.352
0.42065;	60.354
0.42569;	60.356
0.43073;	60.358
0.43577;	60.36
0.43955;	60.362
0.44458;	60.364
0.45088;	60.366
0.45340;	60.368
0.45592;	60.371
0.46222;	60.373
0.46851;	60.376
0.47481;	60.378
0.47985;	60.383
0.48237;	60.385
0.48489;	60.387
0.48866;	60.389
0.49244;	60.391
0.49496;	60.396
0.49748;	60.4
0.50126;	60.403
0.50378;	60.405
0.50882;	60.408
0.51259;	60.411
0.51763;	60.415
0.52015;	60.418
0.52267;	60.421
0.52645;	60.423
0.53275;	60.426
0.53526;	60.428
0.53904;	60.431
0.54282;	60.434
0.54534;	60.436
0.54912;	60.439
0.55416;	60.442
0.55919;	60.445
0.56927;	60.448
0.57179;	60.451
0.57557;	60.453
0.58060;	60.457
0.58438;	60.459
0.58690;	60.462
0.59068;	60.464
0.59446;	60.466
0.59824;	60.474
0.60076;	60.481
0.60327;	60.483
0.60705;	60.487
0.61083;	60.489
0.61461;	60.497
0.61713;	60.501
0.62091;	60.507
0.62594;	60.514
0.62972;	60.519
0.63350;	60.521
0.63602;	60.527
0.63980;	60.531
0.64232;	60.533
0.64736;	60.535
0.64987;	60.537
0.65491;	60.547
0.65743;	60.553
0.66121;	60.557
0.66751;	60.561
0.67003;	60.564
0.67254;	60.566
0.67506;	60.57
0.67758;	60.575
0.68136;	60.582
0.68388;	60.591
0.68766;	60.598
0.69018;	60.602
0.69647;	60.605
0.69899;	60.608
0.70277;	60.61
0.70529;	60.614
0.70781;	60.616
0.71033;	60.62
0.71411;	60.627
0.71662;	60.634
0.72040;	60.637
0.72292;	60.641
0.72544;	60.645
0.72922;	60.651
0.73174;	60.655
0.73426;	60.658
0.73804;	60.668
0.74055;	60.674
0.74307;	60.683
0.74559;	60.687
0.74937;	60.699
0.75189;	60.705
0.75567;	60.72
0.75945;	60.729
0.76196;	60.733
0.76448;	60.735
0.76700;	60.745
0.76952;	60.753
0.77330;	60.761
0.77582;	60.771
0.77834;	60.778
0.78212;	60.782
0.78463;	60.792
0.78715;	60.802
0.79093;	60.818
0.79345;	60.827
0.79597;	60.84
0.79849;	60.844
0.80101;	60.856
0.80353;	60.868
0.80605;	60.878
0.80856;	60.886
0.81108;	60.896
0.81360;	60.899
0.81612;	60.905
0.81864;	60.922
0.82116;	60.936
0.82368;	60.96
0.82620;	60.964
0.82872;	60.993
0.83123;	61.001
0.83375;	61.006
0.83627;	61.012
0.83879;	61.041
0.84131;	61.055
0.84383;	61.069
0.84635;	61.085
0.84887;	61.091
0.85139;	61.103
0.85390;	61.121
0.85642;	61.141
0.85894;	61.145
0.86146;	61.155
0.86398;	61.161
0.86650;	61.168
0.86902;	61.182
0.87280;	61.247
0.87531;	61.253
0.87783;	61.287
0.88035;	61.303
0.88287;	61.323
0.88539;	61.334
0.88791;	61.358
0.89043;	61.378
0.89295;	61.397
0.89547;	61.424
0.89798;	61.443
0.90050;	61.469
0.90302;	61.479
0.90554;	61.499
0.90932;	61.513
0.91184;	61.521
0.91436;	61.545
0.91814;	61.555
0.92065;	61.598
0.92317;	61.642
0.92569;	61.728
0.92821;	61.743
0.93073;	61.81
0.93325;	61.862
0.93577;	61.864
0.93829;	61.972
0.94081;	62.013
0.94332;	62.028
0.94584;	62.073
0.94836;	62.148
0.95088;	62.307
0.95340;	62.409
0.95592;	62.592
0.95844;	62.724
0.96096;	62.912
0.96348;	62.99
0.96599;	63.039
0.96851;	63.422
0.97103;	63.63
0.97355;	63.808
0.97607;	64.072
0.97859;	64.472
0.98111;	64.551
0.98363;	65.213
0.98615;	65.732
0.98866;	66.181
0.99118;	66.376
0.99370;	67.325
0.99622;	68.717
0.99874;	71.183

=========================

