===== MiB loaded (YouTube (WiFi)) =====
0.00025;	0.20928
0.00491;	1.82088
0.01006;	2.55631
0.01522;	3.02518
0.02160;	4.00091
0.02602;	4.0116
0.03191;	4.57463
0.03927;	5.00134
0.04418;	5.00225
0.05081;	5.00352
0.05916;	5.00522
0.06480;	5.00707
0.07143;	5.01179
0.07634;	5.01781
0.08223;	5.02504
0.08812;	5.04325
0.09377;	5.07779
0.09917;	5.5877
0.10432;	6.0038
0.10898;	6.00631
0.11659;	6.00878
0.12101;	6.01098
0.12592;	6.01487
0.13108;	6.01967
0.13770;	6.03195
0.14458;	6.04324
0.14850;	6.09196
0.15366;	6.52876
0.15930;	7.00508
0.16495;	7.00642
0.17035;	7.00777
0.17452;	7.00913
0.17992;	7.01015
0.18409;	7.01243
0.18900;	7.014
0.19539;	7.0167
0.20054;	7.01883
0.20692;	7.02108
0.21306;	7.02468
0.21846;	7.03003
0.22509;	7.03544
0.23024;	7.04164
0.23564;	7.0555
0.24030;	7.07402
0.24472;	7.16388
0.24963;	7.82428
0.25528;	8.00724
0.25945;	8.00905
0.26559;	8.01083
0.27000;	8.01201
0.27590;	8.01421
0.28081;	8.01618
0.28547;	8.0176
0.29136;	8.01978
0.29676;	8.02402
0.30142;	8.02917
0.30658;	8.03416
0.31296;	8.03954
0.31910;	8.05049
0.32401;	8.06522
0.32793;	8.10126
0.33284;	8.48185
0.33726;	9.006
0.34413;	9.0118
0.35027;	9.01417
0.35469;	9.01603
0.36107;	9.01728
0.36696;	9.02186
0.37212;	9.02521
0.37801;	9.02832
0.38169;	9.03119
0.38586;	9.03564
0.39077;	9.04283
0.39666;	9.05025
0.40059;	9.06954
0.40476;	9.30858
0.41065;	10.01337
0.41458;	10.01827
0.41900;	10.02118
0.42415;	10.02311
0.42955;	10.02962
0.43471;	10.03382
0.44330;	10.03902
0.44821;	10.0434
0.45238;	10.05037
0.45778;	10.06586
0.46318;	10.07599
0.46883;	10.09634
0.47398;	10.15588
0.47791;	10.32521
0.48184;	11.01777
0.48650;	11.02477
0.49141;	11.02898
0.49607;	11.03325
0.50172;	11.03765
0.50663;	11.0435
0.51227;	11.05037
0.51767;	11.05488
0.52234;	11.06244
0.52676;	11.07307
0.53044;	11.09515
0.53510;	11.13476
0.54001;	11.359
0.54394;	12.02437
0.54811;	12.03234
0.55253;	12.03724
0.55793;	12.04469
0.56357;	12.0518
0.56750;	12.05908
0.57167;	12.06697
0.57609;	12.0787
0.58272;	12.10006
0.58665;	12.12614
0.59131;	12.20716
0.59696;	13.02906
0.60211;	13.03621
0.60727;	13.04837
0.61168;	13.05947
0.61610;	13.07127
0.62150;	13.09057
0.62641;	13.12598
0.63058;	13.20002
0.63525;	13.99459
0.63942;	14.04206
0.64433;	14.05403
0.64875;	14.06352
0.65341;	14.06963
0.65979;	14.07803
0.66446;	14.11458
0.67035;	14.15667
0.67526;	14.42554
0.67894;	15.04708
0.68311;	15.05787
0.68729;	15.07353
0.69195;	15.0833
0.69588;	15.11723
0.70054;	15.18297
0.70545;	15.26734
0.71060;	16.05298
0.71600;	16.07244
0.72067;	16.08888
0.72656;	16.10627
0.73171;	16.12488
0.73613;	16.15658
0.73981;	16.23034
0.74350;	16.40776
0.74865;	17.06839
0.75258;	17.08301
0.75896;	17.10705
0.76362;	17.13555
0.76755;	17.19457
0.77172;	17.46251
0.77639;	18.07557
0.78179;	18.10471
0.78645;	18.15354
0.79308;	18.22422
0.79701;	18.52834
0.80142;	19.08561
0.80609;	19.11842
0.81001;	19.1546
0.81419;	19.32495
0.81934;	19.96537
0.82327;	20.10566
0.82695;	20.15921
0.83112;	20.23235
0.83554;	20.5621
0.83947;	21.11295
0.84413;	21.17242
0.84880;	21.22515
0.85322;	21.32741
0.85837;	22.1213
0.86254;	22.16376
0.86622;	22.20317
0.87089;	22.30287
0.87555;	22.42685
0.87997;	23.13498
0.88390;	23.18352
0.88783;	23.24732
0.89224;	23.30188
0.89593;	23.40174
0.90059;	24.12343
0.90599;	24.17716
0.90967;	24.20004
0.91335;	24.2563
0.91753;	24.31612
0.92121;	24.39679
0.92563;	25.14213
0.92906;	25.19452
0.93299;	25.23912
0.93765;	25.29018
0.94158;	25.33094
0.94600;	25.42443
0.94993;	26.14109
0.95557;	26.20044
0.95999;	26.27252
0.96465;	26.32203
0.96932;	26.41202
0.97275;	26.55901
0.97717;	27.21376
0.98085;	27.32045
0.98478;	28.14729
0.98822;	28.47888
0.99190;	29.4931
0.99607;	38.61406
0.99975;	61.22194

=========================

===== MiB loaded (YouTube (Cellular)) =====
0.00068;	0.26829
0.00615;	1.50435
0.01093;	1.7003
0.01708;	1.96226
0.02254;	2.17452
0.02732;	2.68719
0.03279;	3.00077
0.03689;	3.05981
0.04235;	3.55605
0.04645;	4.00074
0.05055;	4.00413
0.05533;	4.22207
0.05943;	4.76856
0.06421;	5.00107
0.06899;	5.00238
0.07377;	5.00329
0.07787;	5.00442
0.08265;	5.00522
0.08811;	5.0084
0.09290;	5.01084
0.09768;	5.01399
0.10314;	5.01707
0.10724;	5.0313
0.11202;	5.06538
0.11680;	5.16841
0.12295;	5.42262
0.12705;	5.60647
0.13183;	6.00331
0.13661;	6.00484
0.14276;	6.00727
0.14822;	6.01033
0.15232;	6.0119
0.15710;	6.01783
0.16257;	6.02629
0.16667;	6.02853
0.17145;	6.05358
0.17555;	6.09822
0.17964;	6.24271
0.18374;	6.57761
0.18852;	7.00234
0.19467;	7.0044
0.19877;	7.00552
0.20355;	7.00743
0.20833;	7.00796
0.21311;	7.0098
0.21721;	7.01154
0.22131;	7.01281
0.22678;	7.01419
0.23156;	7.01679
0.23634;	7.01924
0.24317;	7.02061
0.24795;	7.02169
0.25342;	7.02411
0.25751;	7.02649
0.26161;	7.03153
0.26708;	7.03722
0.27186;	7.04318
0.27596;	7.05124
0.28005;	7.06222
0.28620;	7.08962
0.29235;	7.22467
0.29645;	7.31701
0.30055;	7.85104
0.30601;	8.00652
0.31079;	8.00852
0.31626;	8.01013
0.32036;	8.01139
0.32650;	8.01244
0.33265;	8.01434
0.33811;	8.01563
0.34426;	8.01711
0.34904;	8.01857
0.35383;	8.02093
0.35929;	8.02371
0.36407;	8.02628
0.37022;	8.02905
0.37432;	8.03438
0.37842;	8.0454
0.38320;	8.04885
0.38798;	8.061
0.39208;	8.0858
0.39617;	8.24697
0.40232;	8.64538
0.40710;	9.00885
0.41120;	9.0126
0.41735;	9.01524
0.42145;	9.01611
0.42760;	9.01824
0.43374;	9.02018
0.44126;	9.02219
0.44604;	9.02452
0.45150;	9.02602
0.45628;	9.02899
0.46038;	9.0336
0.46721;	9.03867
0.47268;	9.04396
0.47678;	9.05087
0.48087;	9.06294
0.48566;	9.0705
0.48975;	9.11027
0.49454;	9.8882
0.49863;	10.01454
0.50342;	10.01705
0.50820;	10.02034
0.51366;	10.02345
0.51844;	10.02604
0.52391;	10.02995
0.52869;	10.03376
0.53347;	10.03805
0.53757;	10.04364
0.54167;	10.04592
0.54713;	10.05465
0.55123;	10.07181
0.55669;	10.08382
0.56079;	10.10274
0.56557;	10.63913
0.56967;	11.00691
0.57445;	11.02026
0.58060;	11.02818
0.58538;	11.03323
0.59085;	11.03809
0.59495;	11.04154
0.59904;	11.04523
0.60314;	11.04965
0.61066;	11.05437
0.61475;	11.0595
0.62022;	11.07429
0.62705;	11.09186
0.63183;	11.15325
0.63593;	12.01779
0.64139;	12.02677
0.64549;	12.03289
0.65096;	12.03975
0.65574;	12.04553
0.65984;	12.05217
0.66393;	12.05745
0.66803;	12.07288
0.67418;	12.0869
0.67828;	12.10126
0.68306;	12.14876
0.68784;	12.44345
0.69194;	12.97489
0.69604;	13.03056
0.70014;	13.03642
0.70697;	13.04481
0.71107;	13.04888
0.71516;	13.05723
0.71926;	13.06437
0.72404;	13.07306
0.73019;	13.09636
0.73429;	13.12159
0.73839;	13.21592
0.74249;	13.75526
0.74795;	14.04403
0.75273;	14.04972
0.75888;	14.06088
0.76298;	14.07094
0.76844;	14.07893
0.77254;	14.0899
0.77664;	14.10424
0.78074;	14.12158
0.78484;	14.16374
0.78893;	14.31105
0.79372;	14.95126
0.79781;	15.05759
0.80191;	15.06664
0.80601;	15.08664
0.81011;	15.11612
0.81489;	15.15952
0.81899;	15.30887
0.82309;	15.96177
0.82787;	16.07358
0.83402;	16.09268
0.83880;	16.12114
0.84290;	16.587
0.84699;	17.06893
0.85109;	17.08541
0.85519;	17.11546
0.85929;	17.14819
0.86339;	17.206
0.86749;	17.29505
0.87158;	18.09001
0.87568;	18.1388
0.88046;	18.5144
0.88456;	19.09796
0.88866;	19.15375
0.89344;	19.39515
0.89822;	20.11711
0.90301;	20.17416
0.90710;	20.23228
0.91120;	20.48408
0.91530;	21.14669
0.91940;	21.25522
0.92350;	22.12574
0.92896;	22.22794
0.93306;	22.29774
0.93784;	23.14641
0.94262;	23.2766
0.94672;	24.15393
0.95082;	24.19961
0.95492;	24.31319
0.95902;	25.11335
0.96380;	25.21734
0.96790;	25.41746
0.97199;	26.21165
0.97609;	27.13881
0.98087;	27.60008
0.98497;	29.50507
0.99044;	32.48242
0.99454;	37.33066
0.99932;	45.34686

=========================

===== MiB loaded (DTube (WiFi)) =====
0.00055;	0.33835
0.00440;	0.78468
0.00824;	1.18507
0.01374;	1.55435
0.01758;	2.00002
0.02143;	2.00016
0.02637;	2.00027
0.03187;	2.00043
0.03681;	2.00081
0.04066;	2.00291
0.04615;	2.01679
0.05440;	2.11616
0.05934;	3.00021
0.06484;	3.00063
0.06868;	3.00148
0.07253;	3.00305
0.08022;	3.00917
0.08462;	3.02221
0.08956;	3.11281
0.09341;	3.94154
0.09725;	4.00059
0.10385;	4.00088
0.10769;	4.00109
0.11319;	4.00128
0.11758;	4.00167
0.12143;	4.00176
0.12637;	4.00204
0.13297;	4.00269
0.13736;	4.0031
0.14121;	4.0037
0.14505;	4.00486
0.15110;	4.0076
0.15824;	4.01126
0.16264;	4.01956
0.16648;	4.06073
0.17033;	4.31023
0.17473;	4.87722
0.17857;	5.00157
0.18297;	5.00207
0.18791;	5.00233
0.19286;	5.00266
0.20000;	5.00376
0.20495;	5.00508
0.21099;	5.00567
0.21484;	5.00598
0.21868;	5.00793
0.22253;	5.00928
0.22692;	5.01033
0.23132;	5.01425
0.24011;	5.02776
0.24505;	5.10234
0.25055;	5.66481
0.25659;	6.0022
0.26044;	6.00442
0.26484;	6.00605
0.26923;	6.00765
0.27308;	6.00955
0.27747;	6.01307
0.28187;	6.03037
0.28626;	6.05891
0.29011;	6.34272
0.29396;	7.0021
0.29835;	7.00379
0.30495;	7.005
0.31099;	7.00605
0.31484;	7.00657
0.31868;	7.00727
0.32363;	7.0087
0.32857;	7.00938
0.33407;	7.01015
0.34121;	7.01114
0.34835;	7.01263
0.35220;	7.01397
0.35604;	7.01596
0.36209;	7.01768
0.36703;	7.02593
0.37088;	7.03114
0.37473;	7.05439
0.38187;	7.13927
0.38736;	7.62985
0.39286;	8.00586
0.39725;	8.0083
0.40110;	8.01156
0.40495;	8.01324
0.41044;	8.01457
0.41538;	8.01627
0.41923;	8.02045
0.42308;	8.02775
0.42692;	8.03123
0.43077;	8.03971
0.43626;	8.04835
0.44011;	8.07124
0.44396;	8.53669
0.44835;	9.00659
0.45275;	9.01061
0.45714;	9.01324
0.46154;	9.01432
0.46593;	9.01629
0.46978;	9.01832
0.47473;	9.02035
0.48077;	9.0238
0.48571;	9.03078
0.49066;	9.03583
0.49505;	9.04445
0.50000;	9.05062
0.50385;	9.07645
0.50989;	9.23058
0.51374;	10.00808
0.52143;	10.01078
0.52582;	10.01568
0.52967;	10.01742
0.53352;	10.02326
0.53791;	10.0282
0.54231;	10.0313
0.54835;	10.0343
0.55220;	10.03921
0.55659;	10.04534
0.56044;	10.05119
0.56648;	10.0689
0.57088;	10.13595
0.57582;	10.93146
0.58022;	11.01726
0.58516;	11.0257
0.59011;	11.03065
0.59396;	11.03521
0.59835;	11.03966
0.60275;	11.0448
0.60659;	11.05543
0.61099;	11.09708
0.61593;	12.00987
0.61978;	12.02075
0.62363;	12.02569
0.62747;	12.02789
0.63297;	12.03178
0.63736;	12.03536
0.64121;	12.04136
0.64670;	12.04387
0.65220;	12.05169
0.65604;	12.05993
0.65989;	12.07673
0.66538;	12.14059
0.66923;	13.01921
0.67363;	13.02927
0.67967;	13.03209
0.68352;	13.04157
0.68736;	13.04721
0.69231;	13.05485
0.69780;	13.0619
0.70165;	13.07653
0.70604;	13.34341
0.70989;	14.03227
0.71538;	14.03986
0.71978;	14.04963
0.72418;	14.05723
0.72802;	14.07298
0.73297;	14.08056
0.73901;	14.13443
0.74560;	15.04213
0.74945;	15.05871
0.75495;	15.06621
0.75934;	15.07683
0.76319;	15.10778
0.76758;	15.45508
0.77143;	16.04119
0.77527;	16.05965
0.78187;	16.08135
0.78681;	16.10307
0.79121;	16.12976
0.79505;	16.20473
0.79945;	17.04001
0.80330;	17.06203
0.80824;	17.08029
0.81209;	17.11592
0.81593;	18.05087
0.82033;	18.07488
0.82418;	18.10321
0.82802;	18.17018
0.83297;	19.04759
0.83736;	19.09904
0.84121;	19.12317
0.84560;	19.20982
0.85000;	20.07942
0.85440;	20.10991
0.85879;	20.15037
0.86319;	20.73967
0.86703;	21.09267
0.87143;	21.117
0.87637;	21.18021
0.88132;	22.09512
0.88571;	22.14794
0.89066;	22.3709
0.89670;	23.13346
0.90055;	23.2473
0.90440;	24.13416
0.90824;	24.19612
0.91209;	25.1154
0.91593;	25.23669
0.92033;	26.21021
0.92418;	26.25105
0.92802;	27.09137
0.93242;	27.22354
0.93681;	27.35004
0.94176;	28.23288
0.94615;	28.30339
0.95000;	29.22607
0.95385;	29.26919
0.95824;	29.43968
0.96209;	30.33188
0.96593;	31.26751
0.96978;	32.29351
0.97363;	34.85013
0.97802;	37.36823
0.98187;	39.52285
0.98626;	47.2051
0.99011;	61.50573
0.99451;	73.58899
0.99835;	94.51685

=========================

===== MiB loaded (DTube (Cellular)) =====
0.00126;	0.38146
0.00630;	0.92355
0.01008;	1.68928
0.01385;	2.00006
0.01889;	2.0002
0.02393;	2.00022
0.02771;	2.00028
0.03275;	2.00043
0.03652;	2.0005
0.04030;	2.00051
0.04408;	2.00083
0.04786;	2.00128
0.05290;	2.011
0.05668;	2.05529
0.06171;	2.44894
0.06549;	3.00031
0.07053;	3.00051
0.07557;	3.00056
0.07935;	3.00066
0.08438;	3.00115
0.08816;	3.00126
0.09194;	3.00144
0.09572;	3.00188
0.09950;	3.00304
0.10327;	3.00564
0.10831;	3.01135
0.11335;	3.02229
0.11713;	3.05166
0.12091;	3.08632
0.12469;	3.49088
0.12846;	3.97525
0.13224;	4.00077
0.13602;	4.00079
0.13980;	4.00097
0.14358;	4.0012
0.14736;	4.00134
0.15113;	4.00147
0.15491;	4.00155
0.15869;	4.00181
0.16247;	4.00195
0.16625;	4.00245
0.17003;	4.00476
0.17380;	4.00504
0.17758;	4.00792
0.18262;	4.01222
0.18640;	4.01899
0.19018;	4.03789
0.19395;	4.05022
0.19773;	4.09254
0.20151;	4.40918
0.20529;	4.67895
0.21033;	5.00132
0.21537;	5.00158
0.22040;	5.00167
0.22418;	5.00199
0.22796;	5.00228
0.23174;	5.00255
0.23552;	5.00301
0.24055;	5.00327
0.24433;	5.00362
0.24811;	5.00388
0.25189;	5.00441
0.25567;	5.00503
0.25945;	5.0058
0.26322;	5.00648
0.26700;	5.00726
0.27078;	5.0085
0.27456;	5.01234
0.27834;	5.01386
0.28212;	5.02647
0.28589;	5.13593
0.29219;	5.94503
0.29597;	6.00126
0.29975;	6.00196
0.30353;	6.00363
0.30982;	6.00463
0.31360;	6.0052
0.31738;	6.00961
0.32242;	6.01125
0.32620;	6.01394
0.32997;	6.01572
0.33375;	6.0275
0.33753;	6.04415
0.34131;	6.08869
0.34509;	6.34272
0.34887;	6.55593
0.35390;	7.00189
0.35768;	7.00359
0.36272;	7.00472
0.36650;	7.00579
0.37028;	7.00596
0.37406;	7.00694
0.37783;	7.0076
0.38161;	7.00829
0.38539;	7.0102
0.38917;	7.01111
0.39295;	7.01145
0.39673;	7.01261
0.40050;	7.01365
0.40428;	7.01615
0.40806;	7.01865
0.41184;	7.0215
0.41562;	7.02532
0.41940;	7.02755
0.42317;	7.06235
0.42821;	7.07439
0.43199;	7.23068
0.43703;	7.42576
0.44081;	7.62029
0.44458;	7.75538
0.44836;	8.00366
0.45214;	8.00569
0.45592;	8.00675
0.45970;	8.00789
0.46348;	8.00911
0.46725;	8.00963
0.47103;	8.011
0.47481;	8.01298
0.47985;	8.01388
0.48363;	8.01761
0.48741;	8.02075
0.49244;	8.02391
0.49622;	8.02794
0.50126;	8.04004
0.50504;	8.05107
0.50882;	8.06008
0.51259;	8.08629
0.51637;	9.00708
0.52141;	9.01006
0.52519;	9.01359
0.52897;	9.0143
0.53275;	9.01704
0.53652;	9.01776
0.54282;	9.02085
0.54660;	9.02347
0.55038;	9.03078
0.55542;	9.05266
0.55919;	9.25636
0.56297;	10.01106
0.56675;	10.0149
0.57053;	10.01579
0.57431;	10.01923
0.57935;	10.0234
0.58312;	10.02502
0.58690;	10.02736
0.59068;	10.03188
0.59446;	10.03775
0.59824;	10.04341
0.60202;	10.05445
0.60579;	10.07179
0.60957;	10.10577
0.61461;	10.22031
0.61839;	10.52984
0.62217;	11.0164
0.62846;	11.02028
0.63224;	11.02128
0.63602;	11.02355
0.63980;	11.02923
0.64358;	11.03334
0.64736;	11.04125
0.65113;	11.0491
0.65491;	11.08377
0.65869;	11.42842
0.66247;	12.01666
0.66625;	12.02045
0.67003;	12.02215
0.67380;	12.0248
0.67758;	12.02867
0.68136;	12.03293
0.68514;	12.03471
0.68892;	12.05009
0.69270;	12.0568
0.69773;	12.06313
0.70151;	12.07116
0.70529;	12.07594
0.70907;	12.41583
0.71285;	13.01848
0.71662;	13.02599
0.72166;	13.03081
0.72544;	13.03294
0.72922;	13.04434
0.73300;	13.05302
0.73678;	13.06416
0.74055;	13.1112
0.74433;	13.36339
0.74811;	13.90709
0.75189;	14.02134
0.75567;	14.03393
0.75945;	14.05518
0.76322;	14.06279
0.76700;	14.08814
0.77078;	14.17875
0.77456;	14.74715
0.77834;	15.04299
0.78212;	15.05786
0.78589;	15.06621
0.78967;	15.09271
0.79345;	15.15126
0.79849;	15.84142
0.80353;	16.03622
0.80730;	16.06652
0.81108;	16.0722
0.81486;	16.07721
0.81864;	16.17026
0.82242;	17.05212
0.82620;	17.09847
0.82997;	17.10872
0.83375;	17.19893
0.83753;	18.05584
0.84131;	18.08451
0.84509;	18.1082
0.84887;	18.75266
0.85264;	19.07787
0.85642;	19.1203
0.86020;	19.2039
0.86398;	19.71458
0.86776;	20.06003
0.87154;	20.09916
0.87531;	20.16212
0.87909;	20.21089
0.88287;	20.91552
0.88665;	21.10088
0.89043;	21.93079
0.89421;	22.10387
0.89798;	22.13731
0.90176;	22.16273
0.90554;	23.01409
0.90932;	23.13346
0.91310;	24.08068
0.91688;	24.15294
0.92065;	24.42464
0.92569;	25.14595
0.92947;	25.27506
0.93325;	26.29049
0.93703;	26.46088
0.94081;	27.18359
0.94458;	27.23643
0.94836;	27.30888
0.95214;	28.27053
0.95592;	28.35638
0.95970;	29.21431
0.96348;	29.6378
0.96725;	30.16378
0.97103;	31.64351
0.97481;	33.28192
0.97859;	37.58778
0.98237;	42.49462
0.98615;	44.69031
0.98992;	47.80259
0.99370;	60.14806
0.99748;	81.047

=========================

