===== Stall Duration [ms] (YouTube (WiFi)) =====
0.02553;	0
0.02577;	17
0.02602;	22
0.02651;	23
0.02676;	25
0.02700;	26
0.02749;	28
0.02798;	30
0.02823;	31
0.02847;	35
0.02896;	38
0.02946;	39
0.02995;	41
0.03044;	44
0.03093;	45
0.03142;	46
0.03166;	47
0.03191;	48
0.03289;	49
0.03363;	50
0.03461;	51
0.03510;	52
0.03805;	53
0.04050;	54
0.04271;	55
0.04467;	56
0.04762;	57
0.04983;	58
0.05425;	59
0.05940;	60
0.06382;	61
0.06922;	62
0.07855;	63
0.08567;	64
0.09426;	65
0.10113;	66
0.10997;	67
0.11856;	68
0.12887;	69
0.13819;	70
0.14850;	71
0.16004;	72
0.16667;	73
0.17722;	74
0.18483;	75
0.19269;	76
0.19858;	77
0.20373;	78
0.20815;	79
0.21257;	80
0.21649;	81
0.22410;	82
0.22852;	83
0.23270;	84
0.23687;	85
0.24325;	86
0.24718;	87
0.25135;	88
0.25430;	89
0.25724;	90
0.26019;	91
0.26289;	92
0.26657;	93
0.26976;	94
0.27197;	95
0.27712;	96
0.28130;	97
0.28596;	98
0.29087;	99
0.29529;	100
0.30339;	101
0.31124;	102
0.31713;	103
0.32499;	104
0.33284;	105
0.34634;	106
0.35935;	107
0.36819;	108
0.37801;	109
0.38783;	110
0.39568;	111
0.40501;	112
0.41335;	113
0.42047;	114
0.42882;	115
0.43569;	116
0.44428;	117
0.45066;	118
0.45606;	119
0.46343;	120
0.46760;	121
0.47423;	122
0.48085;	123
0.48871;	124
0.49485;	125
0.50417;	126
0.51129;	127
0.52430;	128
0.53829;	129
0.55253;	130
0.56726;	131
0.58419;	132
0.60088;	133
0.61512;	134
0.63648;	135
0.65169;	136
0.67182;	137
0.69416;	138
0.71183;	139
0.72779;	140
0.74227;	141
0.75773;	142
0.77074;	143
0.78498;	144
0.79553;	145
0.80952;	146
0.82278;	147
0.83211;	148
0.84266;	149
0.85248;	150
0.86107;	151
0.86843;	152
0.87432;	153
0.88193;	154
0.88905;	155
0.89445;	156
0.89838;	157
0.90206;	158
0.90574;	159
0.90844;	160
0.91041;	161
0.91335;	162
0.91654;	163
0.91777;	164
0.92072;	165
0.92514;	166
0.92808;	167
0.92980;	168
0.93152;	169
0.93422;	170
0.93544;	171
0.93741;	172
0.94060;	173
0.94281;	174
0.94428;	175
0.94649;	176
0.94845;	177
0.95214;	178
0.95533;	179
0.95901;	180
0.95974;	181
0.96171;	182
0.96367;	183
0.96490;	184
0.96711;	185
0.96907;	186
0.97153;	187
0.97349;	188
0.97496;	189
0.97595;	190
0.97791;	191
0.97987;	192
0.98036;	193
0.98110;	194
0.98257;	195
0.98405;	196
0.98552;	197
0.98650;	198
0.98724;	199
0.98822;	200
0.98846;	201
0.98895;	202
0.98945;	203
0.99043;	204
0.99116;	205
0.99215;	206
0.99264;	207
0.99313;	209
0.99337;	210
0.99362;	211
0.99386;	212
0.99435;	213
0.99460;	218
0.99485;	219
0.99509;	223
0.99534;	226
0.99558;	230
0.99583;	231
0.99607;	242
0.99656;	246
0.99681;	258
0.99705;	259
0.99730;	261
0.99755;	268
0.99779;	273
0.99804;	283
0.99828;	291
0.99853;	333
0.99877;	1211
0.99902;	10121
0.99926;	50252
0.99951;	57242
0.99975;	57303
1.00000;	57337

=========================

===== Stall Duration [ms] (YouTube (Cellular)) =====
0.02937;	0
0.03005;	43
0.03210;	50
0.03347;	51
0.03415;	52
0.03689;	53
0.03757;	54
0.04030;	55
0.04440;	56
0.04713;	57
0.04918;	58
0.05260;	59
0.05396;	60
0.05601;	61
0.05738;	62
0.06011;	63
0.06352;	64
0.07036;	65
0.07923;	66
0.08675;	67
0.09631;	68
0.10314;	69
0.10861;	70
0.11817;	71
0.12910;	72
0.13661;	73
0.15369;	74
0.16667;	75
0.17828;	76
0.18648;	77
0.19672;	78
0.20902;	79
0.21995;	80
0.22814;	81
0.23770;	82
0.24317;	83
0.24727;	84
0.25205;	85
0.25478;	86
0.25683;	87
0.25888;	88
0.26161;	89
0.26230;	90
0.26366;	91
0.26434;	93
0.26571;	94
0.26639;	100
0.26708;	101
0.26776;	102
0.26844;	103
0.26913;	104
0.26981;	105
0.27254;	106
0.27527;	107
0.28005;	108
0.28347;	109
0.28552;	110
0.28757;	111
0.29030;	112
0.29167;	113
0.29440;	114
0.29713;	115
0.30191;	116
0.30464;	117
0.30601;	118
0.30943;	119
0.31148;	120
0.31284;	122
0.31489;	124
0.31694;	125
0.32309;	126
0.33197;	127
0.34358;	128
0.35314;	129
0.37295;	130
0.39208;	131
0.41393;	132
0.44194;	133
0.47268;	134
0.51161;	135
0.53893;	136
0.56489;	137
0.59085;	138
0.62090;	139
0.65096;	140
0.67486;	141
0.69877;	142
0.71790;	143
0.73975;	144
0.75410;	145
0.77186;	146
0.79440;	147
0.81079;	148
0.82582;	149
0.83811;	150
0.84973;	151
0.85792;	152
0.86885;	153
0.87978;	154
0.88730;	155
0.89891;	156
0.90369;	157
0.91257;	158
0.91803;	159
0.92418;	160
0.92964;	161
0.93306;	162
0.93648;	163
0.94194;	164
0.94399;	165
0.94672;	166
0.94877;	167
0.95014;	168
0.95082;	169
0.95287;	170
0.95423;	171
0.95492;	172
0.95560;	173
0.95833;	174
0.95970;	175
0.96038;	176
0.96107;	178
0.96243;	181
0.96311;	193
0.96380;	200
0.96448;	260
0.96516;	2983
0.96585;	3381
0.96653;	3652
0.96721;	4035
0.96790;	4190
0.96858;	4291
0.96926;	4421
0.96995;	4470
0.97063;	4706
0.97131;	4757
0.97199;	5214
0.97268;	5583
0.97336;	5718
0.97404;	5993
0.97473;	6241
0.97541;	6478
0.97609;	6830
0.97678;	8101
0.97746;	8312
0.97814;	9157
0.97883;	10051
0.97951;	10661
0.98019;	11294
0.98087;	11424
0.98156;	14466
0.98224;	14738
0.98292;	14878
0.98361;	15458
0.98429;	16455
0.98497;	16503
0.98566;	17347
0.98634;	17829
0.98702;	19477
0.98770;	20381
0.98839;	21379
0.98907;	21970
0.98975;	26945
0.99044;	27107
0.99112;	29646
0.99180;	30082
0.99249;	32932
0.99317;	35291
0.99385;	37145
0.99454;	39112
0.99522;	40305
0.99590;	41810
0.99658;	46878
0.99727;	49796
0.99795;	50092
0.99863;	50598
0.99932;	50864
1.00000;	57222

=========================

===== Stall Duration [ms] (DTube (WiFi)) =====
0.03846;	0
0.03901;	17
0.03956;	27
0.04011;	28
0.04066;	30
0.04121;	31
0.04176;	32
0.04286;	33
0.04396;	34
0.04670;	35
0.04725;	37
0.04890;	38
0.04945;	39
0.05000;	40
0.05055;	42
0.05165;	43
0.05275;	44
0.05330;	46
0.05440;	47
0.05495;	48
0.05879;	49
0.06154;	50
0.06374;	51
0.06868;	52
0.07308;	53
0.07857;	54
0.08956;	55
0.09670;	56
0.10549;	57
0.11484;	58
0.12582;	59
0.13791;	60
0.15165;	61
0.17253;	62
0.18352;	63
0.19341;	64
0.20934;	65
0.22308;	66
0.24066;	67
0.25934;	68
0.27418;	69
0.28626;	70
0.29945;	71
0.31209;	72
0.32692;	73
0.33956;	74
0.35604;	75
0.36978;	76
0.38132;	77
0.39011;	78
0.40495;	79
0.41758;	80
0.43297;	81
0.44615;	82
0.45824;	83
0.46923;	84
0.48077;	85
0.49231;	86
0.50165;	87
0.51264;	88
0.51868;	89
0.52418;	90
0.52912;	91
0.53352;	92
0.53626;	93
0.54066;	94
0.54341;	95
0.54505;	96
0.54780;	97
0.54945;	98
0.55385;	99
0.55934;	100
0.56319;	101
0.57033;	102
0.57747;	103
0.58297;	104
0.59066;	105
0.59505;	106
0.60275;	107
0.61099;	108
0.61978;	109
0.62527;	110
0.63516;	111
0.64560;	112
0.65495;	113
0.67143;	114
0.68187;	115
0.69341;	116
0.70549;	117
0.71868;	118
0.72692;	119
0.73681;	120
0.74505;	121
0.75165;	122
0.75495;	123
0.75989;	124
0.76099;	125
0.76538;	126
0.76703;	127
0.76978;	128
0.77198;	129
0.77527;	130
0.78022;	131
0.78516;	132
0.78791;	133
0.79176;	134
0.79341;	135
0.79890;	136
0.80549;	137
0.81264;	138
0.81813;	139
0.82418;	140
0.82747;	141
0.83242;	142
0.84011;	143
0.84615;	144
0.85055;	145
0.86099;	146
0.87308;	147
0.88187;	148
0.88736;	149
0.89286;	150
0.89945;	151
0.90220;	152
0.90714;	153
0.91154;	154
0.91374;	155
0.91813;	156
0.91978;	157
0.92088;	158
0.92418;	159
0.92473;	160
0.92637;	161
0.92857;	162
0.93132;	163
0.93242;	164
0.93516;	165
0.93736;	166
0.93846;	167
0.93901;	168
0.94231;	169
0.94396;	170
0.94560;	171
0.94670;	172
0.94725;	173
0.95055;	174
0.95220;	175
0.95275;	176
0.95495;	178
0.95769;	179
0.95989;	181
0.96319;	182
0.96484;	183
0.96538;	184
0.96813;	185
0.96868;	186
0.96978;	187
0.97198;	188
0.97363;	189
0.97527;	190
0.97637;	191
0.97857;	192
0.98077;	193
0.98132;	194
0.98297;	196
0.98352;	197
0.98462;	198
0.98626;	199
0.98681;	200
0.98901;	201
0.98956;	203
0.99011;	205
0.99066;	206
0.99121;	207
0.99176;	211
0.99231;	217
0.99286;	221
0.99341;	223
0.99396;	225
0.99451;	229
0.99505;	258
0.99560;	994
0.99615;	1126
0.99670;	2729
0.99725;	4387
0.99780;	4636
0.99835;	5800
0.99890;	11346
0.99945;	16380
1.00000;	16433

=========================

===== Stall Duration [ms] (DTube (Cellular)) =====
0.04030;	0
0.04156;	43
0.04408;	44
0.04534;	48
0.04912;	52
0.05290;	53
0.05919;	54
0.06549;	55
0.07053;	56
0.08186;	57
0.08438;	58
0.09698;	59
0.10579;	60
0.10957;	61
0.11713;	62
0.12720;	63
0.12972;	64
0.13602;	65
0.15365;	66
0.16121;	67
0.17884;	68
0.20403;	69
0.22796;	70
0.26322;	71
0.28589;	72
0.32368;	73
0.38161;	74
0.43451;	75
0.46599;	76
0.51385;	77
0.55038;	78
0.57431;	79
0.60579;	80
0.63728;	81
0.65239;	82
0.67758;	83
0.68892;	84
0.69521;	85
0.71159;	86
0.71537;	87
0.71914;	88
0.72418;	89
0.72922;	90
0.73426;	91
0.73678;	92
0.73929;	93
0.74055;	94
0.74307;	96
0.74433;	97
0.74559;	99
0.74811;	104
0.75189;	105
0.75441;	106
0.75693;	107
0.76196;	108
0.76952;	109
0.77456;	110
0.77960;	111
0.78589;	112
0.79471;	113
0.81108;	114
0.81612;	115
0.82368;	116
0.82997;	117
0.83249;	118
0.83501;	119
0.84131;	120
0.84257;	121
0.84383;	122
0.84635;	127
0.84887;	128
0.85013;	129
0.85264;	130
0.85390;	131
0.85642;	132
0.86272;	133
0.86902;	134
0.87783;	135
0.88539;	136
0.89295;	137
0.89924;	138
0.90050;	139
0.90302;	140
0.90932;	141
0.91310;	142
0.92065;	143
0.92569;	144
0.93199;	145
0.93577;	146
0.93955;	147
0.94962;	148
0.95088;	150
0.95214;	151
0.95466;	152
0.95718;	153
0.96096;	154
0.96222;	155
0.96348;	156
0.96474;	157
0.96599;	158
0.96725;	159
0.96977;	160
0.97103;	163
0.97355;	164
0.97481;	165
0.97607;	166
0.97733;	168
0.97859;	169
0.97985;	179
0.98111;	1864
0.98237;	3048
0.98363;	4040
0.98489;	4842
0.98615;	4948
0.98741;	5695
0.98866;	5836
0.98992;	10184
0.99118;	11374
0.99244;	20435
0.99370;	20881
0.99496;	28012
0.99622;	31203
0.99748;	38850
0.99874;	39188
1.00000;	56815

=========================

