===== TCP Connect Time [ms] (YouTube (WiFi)) =====
0.00025;	3
0.00344;	4
0.00540;	5
0.00565;	6
0.00589;	7
0.00614;	8
0.00663;	9
0.00810;	11
0.04541;	12
0.15538;	13
0.24374;	14
0.32744;	15
0.40893;	16
0.49190;	17
0.54836;	18
0.59548;	19
0.64335;	20
0.69048;	21
0.74939;	22
0.82450;	23
0.90010;	24
0.94207;	25
0.96048;	26
0.97054;	27
0.97644;	28
0.98012;	29
0.98085;	30
0.98233;	31
0.98576;	32
0.98699;	33
0.98797;	34
0.98895;	35
0.98945;	36
0.99018;	37
0.99067;	38
0.99116;	39
0.99165;	41
0.99190;	42
0.99215;	43
0.99239;	44
0.99264;	47
0.99313;	50
0.99337;	55
0.99411;	56
0.99460;	57
0.99509;	59
0.99558;	61
0.99583;	63
0.99632;	64
0.99656;	68
0.99681;	71
0.99705;	72
0.99730;	79
0.99755;	80
0.99779;	81
0.99804;	82
0.99828;	85
0.99853;	90
0.99877;	93
0.99902;	176
0.99926;	234
0.99951;	289
0.99975;	367
1.00000;	932

=========================

===== TCP Connect Time [ms] (YouTube (Cellular)) =====
0.00068;	17
0.00342;	18
0.02664;	19
0.05806;	20
0.08675;	21
0.13661;	22
0.18443;	23
0.23429;	24
0.26981;	25
0.29303;	26
0.31557;	27
0.33128;	28
0.34631;	29
0.36339;	30
0.38251;	31
0.39959;	32
0.41462;	33
0.43033;	34
0.44467;	35
0.46038;	36
0.47951;	37
0.50068;	38
0.53415;	39
0.58607;	40
0.62158;	41
0.66667;	42
0.69877;	43
0.71926;	44
0.73907;	45
0.75137;	46
0.76366;	47
0.77732;	48
0.79440;	49
0.80396;	50
0.81284;	51
0.82377;	52
0.83538;	53
0.84426;	54
0.85314;	55
0.86270;	56
0.86885;	57
0.87295;	58
0.87842;	59
0.88046;	60
0.88525;	61
0.89003;	62
0.89549;	63
0.89754;	64
0.89959;	65
0.90232;	66
0.90301;	67
0.90710;	68
0.91052;	69
0.91189;	70
0.91598;	71
0.91803;	72
0.91940;	73
0.92008;	74
0.92077;	76
0.92281;	78
0.92623;	79
0.92896;	80
0.93101;	81
0.93306;	82
0.93374;	83
0.93648;	84
0.94126;	85
0.94331;	87
0.94399;	88
0.94536;	89
0.94945;	90
0.95014;	91
0.95219;	92
0.95287;	93
0.95560;	94
0.95765;	95
0.96038;	96
0.96107;	97
0.96175;	100
0.96311;	102
0.96448;	103
0.96516;	104
0.96585;	105
0.96653;	106
0.96721;	109
0.96790;	110
0.96858;	112
0.96995;	113
0.97063;	117
0.97131;	118
0.97199;	126
0.97268;	130
0.97336;	133
0.97473;	135
0.97541;	139
0.97609;	148
0.97678;	149
0.97746;	151
0.97814;	154
0.97883;	157
0.97951;	177
0.98019;	178
0.98087;	194
0.98156;	195
0.98224;	208
0.98292;	209
0.98361;	217
0.98429;	219
0.98497;	229
0.98566;	236
0.98634;	237
0.98702;	241
0.98839;	244
0.98907;	254
0.98975;	273
0.99044;	276
0.99180;	288
0.99249;	289
0.99317;	292
0.99385;	295
0.99454;	309
0.99522;	328
0.99590;	339
0.99658;	393
0.99727;	394
0.99795;	444
0.99863;	453
0.99932;	465
1.00000;	1773

=========================

===== TCP Connect Time [ms] (DTube (WiFi)) =====
0.07033;	0
0.07253;	13
0.07363;	14
0.07637;	15
0.08407;	16
0.09560;	17
0.11154;	18
0.12308;	19
0.14945;	20
0.18791;	21
0.22967;	22
0.26044;	23
0.28681;	24
0.33077;	25
0.35659;	26
0.38407;	27
0.40220;	28
0.42308;	29
0.45549;	30
0.49725;	31
0.53846;	32
0.57363;	33
0.60659;	34
0.63352;	35
0.65714;	36
0.67912;	37
0.69176;	38
0.70165;	39
0.71703;	40
0.72637;	41
0.73407;	42
0.74341;	43
0.74725;	44
0.74890;	45
0.75110;	46
0.75440;	47
0.75824;	48
0.76264;	49
0.77198;	50
0.78242;	51
0.80220;	52
0.82473;	53
0.85275;	54
0.88571;	55
0.90934;	56
0.91923;	57
0.92967;	58
0.93297;	59
0.93846;	60
0.94341;	61
0.94945;	62
0.95110;	63
0.95659;	64
0.95769;	65
0.95989;	66
0.96319;	67
0.96484;	68
0.96648;	69
0.96703;	70
0.96868;	73
0.96978;	75
0.97033;	77
0.97143;	78
0.97198;	87
0.97253;	92
0.97308;	95
0.97363;	106
0.97418;	113
0.97473;	117
0.97582;	119
0.97637;	142
0.97692;	156
0.97747;	165
0.97802;	171
0.97857;	172
0.97912;	175
0.97967;	177
0.98077;	184
0.98132;	201
0.98187;	219
0.98242;	226
0.98297;	258
0.98352;	286
0.98407;	291
0.98462;	298
0.98516;	317
0.98571;	328
0.98626;	331
0.98681;	333
0.98736;	353
0.98791;	354
0.98846;	357
0.98901;	380
0.98956;	385
0.99011;	410
0.99066;	414
0.99121;	418
0.99176;	419
0.99231;	427
0.99286;	438
0.99341;	441
0.99396;	474
0.99451;	476
0.99505;	512
0.99560;	530
0.99615;	533
0.99670;	711
0.99725;	870
0.99780;	1009
0.99835;	1106
0.99890;	1157
0.99945;	1546
1.00000;	2776

=========================

===== TCP Connect Time [ms] (DTube (Cellular)) =====
0.00126;	23
0.00504;	26
0.00756;	27
0.01385;	28
0.01763;	29
0.02519;	30
0.03149;	31
0.04030;	32
0.05290;	33
0.08186;	34
0.10579;	35
0.13350;	36
0.16877;	37
0.19395;	38
0.21285;	39
0.22670;	40
0.23804;	41
0.25441;	42
0.27330;	43
0.28715;	44
0.30856;	45
0.32997;	46
0.36524;	47
0.40176;	48
0.43325;	49
0.46474;	50
0.49118;	51
0.51008;	52
0.53526;	53
0.54912;	54
0.56045;	55
0.57053;	56
0.58312;	57
0.59698;	58
0.61587;	59
0.64987;	60
0.68514;	61
0.71662;	62
0.73300;	63
0.74559;	64
0.75945;	65
0.77456;	66
0.78715;	67
0.79345;	68
0.80605;	69
0.81864;	70
0.83123;	71
0.83879;	72
0.84635;	73
0.85390;	74
0.86146;	75
0.86524;	76
0.87028;	77
0.87406;	78
0.88035;	79
0.88665;	80
0.89798;	81
0.90176;	82
0.90428;	84
0.90806;	85
0.91058;	89
0.91436;	90
0.91562;	91
0.91688;	92
0.92065;	93
0.92191;	94
0.92443;	95
0.92569;	96
0.92695;	97
0.93199;	99
0.93325;	101
0.93451;	102
0.93577;	103
0.93703;	105
0.93829;	107
0.94081;	110
0.94332;	114
0.94458;	117
0.94710;	119
0.94836;	122
0.95088;	128
0.95214;	130
0.95340;	131
0.95466;	133
0.95592;	137
0.95718;	141
0.95844;	142
0.95970;	143
0.96096;	151
0.96222;	162
0.96348;	200
0.96474;	206
0.96599;	225
0.96851;	226
0.96977;	229
0.97103;	239
0.97229;	248
0.97355;	257
0.97481;	261
0.97607;	278
0.97733;	279
0.97859;	298
0.97985;	308
0.98111;	328
0.98237;	353
0.98363;	379
0.98489;	389
0.98615;	398
0.98866;	401
0.98992;	403
0.99118;	421
0.99244;	422
0.99370;	432
0.99496;	441
0.99622;	468
0.99748;	484
0.99874;	494
1.00000;	546

=========================

