===== Total Played Duration [s] (YouTube (WiFi)) =====
0.00025;	2.663
0.00049;	2.697
0.00074;	2.758
0.00098;	9.057
0.00123;	9.748
0.00147;	12.051
0.00172;	12.056
0.00221;	12.058
0.00245;	13.822
0.00270;	15.025
0.00295;	15.262
0.00344;	17.818
0.00368;	23.318
0.00393;	24.476
0.00417;	24.477
0.00442;	25.543
0.00466;	25.551
0.00491;	26.178
0.00515;	26.944
0.00540;	27.105
0.00565;	27.379
0.00589;	29.539
0.00614;	29.54
0.00638;	29.544
0.00663;	29.908
0.00687;	29.911
0.00712;	30.001
0.00736;	30.003
0.00761;	30.075
0.00785;	30.141
0.00810;	31.86
0.00835;	31.863
0.00859;	34.139
0.00884;	34.319
0.00908;	34.344
0.00933;	34.351
0.00957;	34.93
0.00982;	38.342
0.01006;	40.014
0.01031;	41.388
0.01055;	42.891
0.01080;	42.895
0.01105;	44.654
0.01129;	44.659
0.01154;	44.66
0.01178;	45.306
0.01203;	45.307
0.01227;	46.031
0.01252;	46.301
0.01276;	46.305
0.01301;	46.306
0.01325;	47.417
0.01350;	47.928
0.01375;	48.322
0.01399;	48.325
0.01424;	48.328
0.01448;	49.464
0.01473;	49.833
0.01497;	49.879
0.01522;	50.299
0.01546;	50.366
0.01571;	50.368
0.01595;	50.369
0.01620;	50.37
0.01669;	50.371
0.01694;	50.372
0.01718;	50.373
0.01743;	50.391
0.01767;	50.531
0.01792;	50.577
0.01816;	51.735
0.01841;	51.739
0.01865;	51.743
0.01890;	52.139
0.01915;	52.972
0.01939;	54.108
0.01964;	54.663
0.01988;	54.693
0.02013;	54.738
0.02037;	54.938
0.02062;	54.94
0.02086;	54.943
0.02111;	55.339
0.02135;	55.57
0.02160;	55.574
0.02185;	55.994
0.02209;	56.224
0.02258;	56.225
0.02283;	56.564
0.02307;	56.572
0.02332;	56.573
0.02356;	56.709
0.02381;	56.713
0.02405;	57.123
0.02430;	58.096
0.02455;	58.099
0.02479;	58.704
0.02504;	58.707
0.02528;	58.789
0.02553;	59.096
0.02577;	59.521
0.02602;	59.611
0.02626;	59.613
0.02651;	59.616
0.02676;	59.667
0.02700;	59.709
0.02725;	59.717
0.02774;	59.727
0.02798;	59.732
0.02823;	59.739
0.02847;	59.741
0.02872;	59.742
0.02921;	59.754
0.02946;	59.758
0.02970;	59.769
0.02995;	59.77
0.03019;	59.774
0.03044;	59.777
0.03068;	59.781
0.03093;	59.782
0.03142;	59.787
0.03166;	59.788
0.03191;	59.789
0.03216;	59.79
0.03265;	59.791
0.03338;	59.793
0.03436;	59.794
0.03510;	59.795
0.03608;	59.796
0.03657;	59.797
0.03706;	59.798
0.03731;	59.799
0.03829;	59.8
0.03903;	59.801
0.04001;	59.802
0.04124;	59.803
0.04271;	59.804
0.04418;	59.805
0.04492;	59.806
0.04541;	59.807
0.04737;	59.808
0.04934;	59.809
0.05032;	59.81
0.05179;	59.811
0.05400;	59.812
0.05646;	59.813
0.05842;	59.814
0.06063;	59.815
0.06186;	59.816
0.06382;	59.817
0.06578;	59.818
0.06652;	59.819
0.07020;	59.82
0.07339;	59.821
0.07707;	59.822
0.07904;	59.823
0.08100;	59.824
0.08247;	59.825
0.08468;	59.826
0.08787;	59.827
0.08984;	59.828
0.09107;	59.829
0.09377;	59.83
0.09548;	59.831
0.09720;	59.832
0.10064;	59.833
0.10506;	59.834
0.10800;	59.835
0.10923;	59.836
0.11242;	59.837
0.11537;	59.838
0.11733;	59.839
0.12003;	59.84
0.12371;	59.841
0.12739;	59.842
0.13108;	59.843
0.13623;	59.844
0.14335;	59.845
0.15120;	59.846
0.15734;	59.847
0.16470;	59.848
0.17329;	59.849
0.18311;	59.85
0.19391;	59.851
0.20324;	59.852
0.21649;	59.853
0.23098;	59.854
0.24153;	59.855
0.25577;	59.856
0.26829;	59.857
0.28400;	59.858
0.29848;	59.859
0.31492;	59.86
0.33260;	59.861
0.35518;	59.862
0.37629;	59.863
0.39126;	59.864
0.41237;	59.865
0.42685;	59.866
0.44354;	59.867
0.46048;	59.868
0.47496;	59.869
0.48920;	59.87
0.50270;	59.871
0.51522;	59.872
0.52185;	59.873
0.53068;	59.874
0.53682;	59.875
0.54443;	59.876
0.55106;	59.877
0.55768;	59.878
0.56186;	59.879
0.56922;	59.88
0.57462;	59.881
0.58100;	59.882
0.58959;	59.883
0.59647;	59.884
0.60481;	59.885
0.61217;	59.886
0.62052;	59.887
0.62985;	59.888
0.63770;	59.889
0.64752;	59.89
0.65734;	59.891
0.66618;	59.892
0.67919;	59.893
0.69269;	59.894
0.70054;	59.895
0.70815;	59.896
0.71404;	59.897
0.72189;	59.898
0.73000;	59.899
0.73441;	59.9
0.73932;	59.901
0.74399;	59.902
0.74816;	59.903
0.75331;	59.904
0.75552;	59.905
0.75871;	59.906
0.76240;	59.907
0.76510;	59.908
0.76829;	59.909
0.77123;	59.91
0.77418;	59.911
0.77835;	59.912
0.78228;	59.913
0.78866;	59.914
0.79308;	59.915
0.79725;	59.916
0.80191;	59.917
0.80952;	59.918
0.81345;	59.919
0.81787;	59.92
0.82253;	59.921
0.82769;	59.922
0.83358;	59.923
0.84168;	59.924
0.84904;	59.925
0.85984;	59.926
0.86647;	59.927
0.87776;	59.928
0.88807;	59.929
0.89715;	59.93
0.90746;	59.931
0.91605;	59.932
0.92489;	59.933
0.93152;	59.934
0.93986;	59.935
0.94698;	59.936
0.95606;	59.937
0.96146;	59.938
0.96588;	59.939
0.97104;	59.94
0.97545;	59.941
0.97766;	59.942
0.98061;	59.943
0.98257;	59.944
0.98478;	59.945
0.98724;	59.946
0.99018;	59.947
0.99067;	59.948
0.99165;	59.949
0.99239;	59.95
0.99337;	59.951
0.99362;	59.952
0.99386;	59.953
0.99435;	59.954
0.99485;	59.955
0.99534;	59.956
0.99583;	59.959
0.99632;	59.961
0.99681;	59.962
0.99705;	59.965
0.99730;	59.969
0.99779;	59.97
0.99828;	59.972
0.99853;	59.974
0.99877;	59.975
0.99926;	59.977
0.99951;	59.978
0.99975;	59.983
1.00000;	60.027

=========================

===== Total Played Duration [s] (YouTube (Cellular)) =====
0.00068;	2.778
0.00137;	9.136
0.00205;	9.402
0.00273;	9.908
0.00342;	10.204
0.00410;	13.122
0.00478;	13.562
0.00546;	13.819
0.00615;	13.822
0.00683;	13.824
0.00751;	16.235
0.00820;	16.816
0.00888;	17.489
0.00956;	18.19
0.01025;	19.695
0.01093;	20.629
0.01161;	20.888
0.01230;	22.855
0.01298;	24.485
0.01366;	24.709
0.01434;	26.175
0.01503;	26.939
0.01571;	27.068
0.01639;	28.803
0.01708;	29.918
0.01776;	30.006
0.01844;	30.075
0.01913;	30.077
0.01981;	30.354
0.02049;	31.051
0.02117;	32.194
0.02186;	32.893
0.02254;	33.055
0.02322;	36.969
0.02391;	36.97
0.02459;	37.045
0.02527;	37.064
0.02596;	38.03
0.02664;	38.621
0.02732;	39.619
0.02801;	40.523
0.02869;	42.056
0.02937;	42.06
0.03005;	42.062
0.03074;	42.171
0.03142;	42.594
0.03210;	42.653
0.03279;	42.776
0.03347;	43.497
0.03415;	43.545
0.03484;	44.542
0.03552;	45.122
0.03620;	45.262
0.03689;	45.534
0.03757;	46.304
0.03825;	46.585
0.03893;	46.588
0.03962;	46.634
0.04030;	47.071
0.04098;	47.074
0.04167;	48.576
0.04235;	48.706
0.04303;	49.069
0.04372;	49.339
0.04440;	49.949
0.04508;	50.064
0.04577;	50.066
0.04645;	50.069
0.04713;	50.843
0.04781;	51.688
0.04850;	51.899
0.04918;	51.968
0.04986;	52.412
0.05055;	52.964
0.05123;	53.17
0.05191;	53.229
0.05260;	53.522
0.05328;	53.759
0.05396;	54.007
0.05464;	54.282
0.05533;	54.417
0.05601;	54.786
0.05669;	55.243
0.05738;	55.294
0.05806;	55.53
0.05874;	55.579
0.05943;	55.709
0.06011;	55.81
0.06079;	55.965
0.06148;	55.984
0.06216;	56.348
0.06284;	56.541
0.06352;	56.619
0.06421;	56.665
0.06489;	57.017
0.06557;	59.74
0.06626;	59.8
0.06694;	59.807
0.06831;	59.819
0.06899;	59.822
0.06967;	59.824
0.07104;	59.825
0.07377;	59.826
0.07445;	59.827
0.07514;	59.828
0.07650;	59.829
0.07923;	59.83
0.07992;	59.831
0.08128;	59.832
0.08402;	59.833
0.08675;	59.834
0.08880;	59.835
0.09426;	59.836
0.09768;	59.837
0.10109;	59.838
0.10656;	59.839
0.11202;	59.84
0.11749;	59.841
0.12637;	59.842
0.13115;	59.843
0.14276;	59.844
0.15027;	59.845
0.16120;	59.846
0.17281;	59.847
0.18101;	59.848
0.19262;	59.849
0.20492;	59.85
0.21995;	59.851
0.23634;	59.852
0.25888;	59.853
0.27664;	59.854
0.29098;	59.855
0.31216;	59.856
0.33265;	59.857
0.35587;	59.858
0.37978;	59.859
0.41052;	59.86
0.44057;	59.861
0.46653;	59.862
0.49249;	59.863
0.51981;	59.864
0.55874;	59.865
0.58948;	59.866
0.61680;	59.867
0.63866;	59.868
0.65779;	59.869
0.67760;	59.87
0.68648;	59.871
0.69809;	59.872
0.70697;	59.873
0.71311;	59.874
0.71516;	59.875
0.71721;	59.876
0.71790;	59.878
0.71995;	59.88
0.72336;	59.881
0.72541;	59.882
0.72883;	59.883
0.73361;	59.884
0.73634;	59.885
0.73907;	59.886
0.74044;	59.887
0.74317;	59.888
0.74522;	59.889
0.74727;	59.89
0.75068;	59.891
0.75478;	59.892
0.75683;	59.893
0.75956;	59.894
0.76025;	59.895
0.76093;	59.896
0.76161;	59.897
0.76230;	59.898
0.76298;	59.899
0.76366;	59.9
0.76503;	59.906
0.76571;	59.907
0.76708;	59.909
0.76776;	59.91
0.77049;	59.911
0.77254;	59.912
0.77459;	59.913
0.77732;	59.914
0.78210;	59.915
0.78689;	59.916
0.79235;	59.917
0.80191;	59.918
0.81011;	59.919
0.82104;	59.92
0.83470;	59.921
0.84495;	59.922
0.85314;	59.923
0.86544;	59.924
0.87842;	59.925
0.89481;	59.926
0.90232;	59.927
0.91325;	59.928
0.92281;	59.929
0.92828;	59.93
0.93374;	59.931
0.94331;	59.932
0.95082;	59.933
0.95970;	59.934
0.96585;	59.935
0.96926;	59.936
0.97199;	59.937
0.97336;	59.938
0.97541;	59.939
0.97678;	59.94
0.98019;	59.941
0.98224;	59.942
0.98497;	59.943
0.98907;	59.944
0.99180;	59.945
0.99249;	59.946
0.99522;	59.947
0.99590;	59.948
0.99727;	59.949
0.99932;	59.95
1.00000;	59.957

=========================

===== Total Played Duration [s] (DTube (WiFi)) =====
0.00055;	4.008
0.00110;	7.958
0.00165;	10.164
0.00220;	10.611
0.00275;	13.012
0.00330;	14.854
0.00385;	15.072
0.00440;	15.559
0.00495;	15.564
0.00549;	15.565
0.00604;	16.391
0.00659;	17.372
0.00714;	17.373
0.00769;	18.047
0.00824;	19.265
0.00879;	20.884
0.00934;	25.823
0.00989;	26.567
0.01044;	26.775
0.01099;	26.901
0.01154;	28.68
0.01209;	29.495
0.01264;	30.054
0.01319;	30.895
0.01374;	31.242
0.01429;	32.154
0.01484;	32.156
0.01538;	32.158
0.01593;	34.055
0.01648;	34.056
0.01703;	36.589
0.01758;	38.6
0.01813;	38.608
0.01868;	38.728
0.01923;	38.729
0.01978;	38.77
0.02033;	38.771
0.02088;	39.711
0.02143;	40.597
0.02198;	43.567
0.02253;	43.62
0.02308;	44.57
0.02363;	44.575
0.02418;	48.065
0.02473;	48.069
0.02527;	48.325
0.02582;	48.654
0.02637;	49.924
0.02692;	54.2
0.02747;	54.468
0.02802;	54.477
0.02857;	54.642
0.02912;	55.153
0.02967;	55.364
0.03022;	55.383
0.03077;	55.613
0.03132;	55.993
0.03187;	56.216
0.03242;	57.271
0.03297;	57.293
0.03352;	58.301
0.03407;	58.874
0.03462;	59.006
0.03516;	59.026
0.03571;	59.075
0.03626;	59.53
0.03681;	59.544
0.03736;	59.742
0.03791;	59.771
0.03846;	59.775
0.03901;	59.777
0.03956;	59.779
0.04011;	59.783
0.04066;	59.789
0.04121;	59.793
0.04176;	59.794
0.04231;	59.795
0.04286;	59.797
0.04505;	59.799
0.04560;	59.8
0.04725;	59.801
0.04835;	59.802
0.04890;	59.803
0.05055;	59.804
0.05110;	59.806
0.05330;	59.807
0.05549;	59.808
0.05659;	59.809
0.05824;	59.81
0.05989;	59.811
0.06264;	59.812
0.06429;	59.813
0.06484;	59.814
0.06758;	59.815
0.06813;	59.816
0.06978;	59.817
0.07308;	59.818
0.07527;	59.819
0.07802;	59.821
0.08022;	59.822
0.08077;	59.824
0.08242;	59.825
0.08571;	59.826
0.08626;	59.827
0.08791;	59.828
0.08956;	59.829
0.09121;	59.83
0.09451;	59.831
0.09505;	59.832
0.09615;	59.833
0.09835;	59.834
0.10110;	59.835
0.10275;	59.836
0.10549;	59.837
0.10714;	59.838
0.10879;	59.839
0.10934;	59.84
0.11264;	59.841
0.11374;	59.842
0.11538;	59.843
0.11978;	59.844
0.12198;	59.845
0.12637;	59.846
0.13132;	59.847
0.13407;	59.848
0.14011;	59.849
0.14560;	59.85
0.15110;	59.851
0.16044;	59.852
0.17198;	59.853
0.18242;	59.854
0.18681;	59.855
0.19286;	59.856
0.20055;	59.857
0.20549;	59.858
0.20934;	59.859
0.21538;	59.86
0.22088;	59.861
0.22747;	59.862
0.23352;	59.863
0.23901;	59.864
0.24066;	59.865
0.24451;	59.866
0.24725;	59.867
0.25220;	59.868
0.25714;	59.869
0.26044;	59.87
0.26264;	59.871
0.26538;	59.872
0.26703;	59.873
0.27143;	59.874
0.27253;	59.875
0.27747;	59.876
0.28077;	59.877
0.28736;	59.878
0.29560;	59.879
0.30549;	59.88
0.31374;	59.881
0.32692;	59.882
0.33901;	59.883
0.35055;	59.884
0.36099;	59.885
0.37747;	59.886
0.38681;	59.887
0.39725;	59.888
0.40659;	59.889
0.41209;	59.89
0.42088;	59.891
0.42912;	59.892
0.43681;	59.893
0.44121;	59.894
0.44890;	59.895
0.45440;	59.896
0.46154;	59.897
0.46868;	59.898
0.47253;	59.899
0.47802;	59.9
0.48242;	59.901
0.48407;	59.902
0.48681;	59.903
0.48846;	59.904
0.49121;	59.905
0.49560;	59.906
0.49835;	59.907
0.50275;	59.908
0.50824;	59.909
0.51374;	59.91
0.51978;	59.911
0.53077;	59.912
0.54011;	59.913
0.55165;	59.914
0.56319;	59.915
0.57418;	59.916
0.58626;	59.917
0.59945;	59.918
0.61429;	59.919
0.62692;	59.92
0.64176;	59.921
0.65110;	59.922
0.66264;	59.923
0.67637;	59.924
0.69286;	59.925
0.70549;	59.926
0.72033;	59.927
0.73297;	59.928
0.74615;	59.929
0.75824;	59.93
0.77363;	59.931
0.79231;	59.932
0.80934;	59.933
0.82308;	59.934
0.83901;	59.935
0.84890;	59.936
0.85989;	59.937
0.88077;	59.938
0.89451;	59.939
0.90659;	59.94
0.91758;	59.941
0.92637;	59.942
0.93516;	59.943
0.94231;	59.944
0.95330;	59.945
0.95879;	59.946
0.96319;	59.947
0.96813;	59.948
0.97033;	59.949
0.97308;	59.95
0.97692;	59.951
0.97747;	59.952
0.97857;	59.953
0.97912;	59.954
0.98022;	59.956
0.98132;	59.957
0.98187;	59.958
0.98242;	59.96
0.98297;	59.961
0.98462;	59.962
0.98516;	59.963
0.98791;	59.965
0.98901;	59.966
0.99011;	59.967
0.99066;	59.968
0.99121;	59.969
0.99176;	59.97
0.99231;	59.972
0.99286;	59.973
0.99341;	59.983
0.99396;	60.02
0.99451;	60.055
0.99505;	60.083
0.99560;	60.159
0.99615;	60.174
0.99670;	60.228
0.99725;	60.257
0.99780;	60.276
0.99835;	60.319
0.99890;	60.945
0.99945;	62.532
1.00000;	62.639

=========================

===== Total Played Duration [s] (DTube (Cellular)) =====
0.00126;	3.185
0.00252;	5.252
0.00378;	5.768
0.00504;	9.404
0.00630;	9.805
0.00756;	11.905
0.00882;	13.005
0.01008;	13.011
0.01134;	13.356
0.01259;	16.185
0.01385;	20.812
0.01511;	21.15
0.01637;	26.505
0.01763;	26.706
0.01889;	26.707
0.02015;	26.708
0.02141;	28.797
0.02267;	31.188
0.02393;	31.24
0.02519;	31.988
0.02645;	33.315
0.02771;	34.236
0.02897;	35.845
0.03023;	38.602
0.03149;	38.723
0.03275;	38.728
0.03401;	39.119
0.03526;	39.565
0.03652;	39.707
0.03778;	39.714
0.03904;	46.49
0.04030;	46.707
0.04156;	47.155
0.04282;	48.626
0.04408;	49.116
0.04534;	49.119
0.04660;	49.816
0.04786;	52.208
0.04912;	54.164
0.05038;	54.305
0.05164;	55.052
0.05290;	55.158
0.05416;	55.96
0.05542;	56.952
0.05668;	58.136
0.05793;	59.329
0.05919;	59.567
0.06045;	59.821
0.06171;	59.831
0.06297;	59.832
0.06423;	59.834
0.06549;	59.835
0.06801;	59.836
0.06927;	59.837
0.07179;	59.84
0.07305;	59.841
0.07431;	59.842
0.07557;	59.843
0.07683;	59.844
0.07809;	59.845
0.08186;	59.846
0.08438;	59.847
0.08690;	59.848
0.08816;	59.849
0.08942;	59.85
0.09950;	59.852
0.10327;	59.853
0.10705;	59.854
0.11335;	59.855
0.11839;	59.856
0.12594;	59.857
0.12972;	59.858
0.13728;	59.859
0.13980;	59.86
0.14106;	59.861
0.14736;	59.862
0.15491;	59.863
0.16247;	59.864
0.17128;	59.865
0.17758;	59.866
0.18388;	59.867
0.18640;	59.868
0.18892;	59.87
0.19144;	59.871
0.19395;	59.872
0.19647;	59.873
0.19773;	59.878
0.19899;	59.879
0.20529;	59.88
0.20655;	59.881
0.20907;	59.882
0.21537;	59.883
0.22418;	59.884
0.22922;	59.885
0.24559;	59.886
0.25441;	59.887
0.26071;	59.888
0.26574;	59.889
0.27078;	59.89
0.27834;	59.891
0.28338;	59.892
0.28589;	59.893
0.28841;	59.894
0.29219;	59.895
0.29345;	59.896
0.29471;	59.901
0.29597;	59.903
0.29849;	59.904
0.29975;	59.906
0.30227;	59.907
0.30479;	59.908
0.30982;	59.909
0.31486;	59.91
0.31990;	59.911
0.32368;	59.912
0.32746;	59.913
0.34509;	59.914
0.35139;	59.915
0.36398;	59.916
0.38917;	59.917
0.40554;	59.918
0.43703;	59.919
0.46977;	59.92
0.49370;	59.921
0.53149;	59.922
0.57935;	59.923
0.61083;	59.924
0.66247;	59.925
0.72040;	59.926
0.75819;	59.927
0.78086;	59.928
0.81486;	59.929
0.83879;	59.93
0.86398;	59.931
0.88035;	59.932
0.88665;	59.933
0.90428;	59.934
0.91058;	59.935
0.91310;	59.936
0.92317;	59.937
0.92947;	59.938
0.93325;	59.939
0.94207;	59.94
0.95466;	59.941
0.95718;	59.942
0.96851;	59.943
0.97355;	59.944
0.97985;	59.945
0.98615;	59.946
0.98992;	59.947
0.99370;	59.948
0.99496;	59.952
0.99748;	59.956
0.99874;	59.957
1.00000;	60.002

=========================

