===== Load Duration [s] (DTube + T-Mobile (DE)) =====
0.00429;	1.037
0.00858;	2.636
0.01288;	2.672
0.01717;	3.296
0.02146;	3.662
0.02575;	4.002
0.03004;	22.273
0.03433;	30.405
0.03863;	40.063
0.04292;	40.236
0.04721;	41.147
0.05150;	42.934
0.05579;	43.537
0.06009;	47.943
0.06438;	60.163
0.06867;	60.171
0.07296;	60.197
0.07725;	60.204
0.08155;	60.206
0.08584;	60.208
0.09013;	60.218
0.09442;	60.219
0.09871;	60.22
0.10300;	60.224
0.10730;	60.227
0.11159;	60.231
0.12017;	60.232
0.12446;	60.235
0.13305;	60.244
0.13734;	60.245
0.14592;	60.246
0.15021;	60.249
0.15880;	60.25
0.16309;	60.252
0.16738;	60.253
0.17597;	60.254
0.18026;	60.255
0.18455;	60.256
0.18884;	60.259
0.19313;	60.26
0.20172;	60.262
0.20601;	60.264
0.21030;	60.265
0.21888;	60.266
0.22318;	60.267
0.23605;	60.268
0.24893;	60.27
0.25322;	60.271
0.25751;	60.276
0.26180;	60.277
0.26609;	60.28
0.27039;	60.281
0.27468;	60.283
0.28326;	60.284
0.28755;	60.286
0.29185;	60.287
0.30472;	60.292
0.31330;	60.295
0.32189;	60.301
0.33047;	60.303
0.33476;	60.305
0.33906;	60.307
0.34764;	60.308
0.35193;	60.309
0.35622;	60.31
0.36052;	60.312
0.36481;	60.313
0.36910;	60.314
0.37339;	60.315
0.37768;	60.32
0.38197;	60.321
0.38627;	60.322
0.39056;	60.323
0.39485;	60.324
0.39914;	60.332
0.40343;	60.334
0.40773;	60.337
0.41202;	60.338
0.41631;	60.34
0.42489;	60.342
0.42918;	60.349
0.43348;	60.35
0.43777;	60.351
0.44206;	60.355
0.44635;	60.356
0.45064;	60.358
0.46352;	60.359
0.46781;	60.36
0.47210;	60.363
0.47639;	60.364
0.48498;	60.366
0.48927;	60.367
0.49356;	60.372
0.49785;	60.373
0.50644;	60.374
0.51073;	60.377
0.51502;	60.378
0.51931;	60.381
0.52361;	60.386
0.52790;	60.389
0.53219;	60.391
0.53648;	60.397
0.54077;	60.4
0.54506;	60.404
0.54936;	60.408
0.55365;	60.411
0.55794;	60.429
0.56223;	60.434
0.57082;	60.438
0.57511;	60.442
0.58369;	60.444
0.59227;	60.447
0.59657;	60.448
0.60086;	60.456
0.60515;	60.462
0.60944;	60.464
0.61373;	60.465
0.61803;	60.467
0.62232;	60.474
0.62661;	60.48
0.63090;	60.482
0.63519;	60.484
0.63948;	60.494
0.64378;	60.497
0.64807;	60.502
0.65665;	60.507
0.66094;	60.508
0.66524;	60.514
0.66953;	60.52
0.67382;	60.521
0.67811;	60.537
0.68670;	60.547
0.69099;	60.548
0.69528;	60.555
0.69957;	60.557
0.70386;	60.56
0.70815;	60.564
0.71245;	60.566
0.71674;	60.579
0.72103;	60.582
0.72532;	60.591
0.72961;	60.605
0.73391;	60.615
0.73820;	60.627
0.74249;	60.634
0.74678;	60.636
0.75107;	60.637
0.75536;	60.64
0.75966;	60.641
0.76395;	60.642
0.76824;	60.645
0.77253;	60.651
0.77682;	60.653
0.78112;	60.655
0.78541;	60.656
0.78970;	60.658
0.79399;	60.66
0.79828;	60.685
0.80258;	60.695
0.80687;	60.704
0.81116;	60.705
0.81545;	60.725
0.81974;	60.729
0.82403;	60.731
0.82833;	60.753
0.83262;	60.754
0.83691;	60.761
0.84120;	60.782
0.84549;	60.791
0.84979;	60.802
0.85408;	60.817
0.85837;	60.827
0.86266;	60.835
0.86695;	60.856
0.87124;	60.866
0.87554;	60.922
0.87983;	60.988
0.88412;	61.001
0.88841;	61.003
0.89270;	61.075
0.89700;	61.103
0.90129;	61.121
0.90558;	61.141
0.90987;	61.145
0.91416;	61.155
0.91845;	61.163
0.92275;	61.175
0.92704;	61.298
0.93133;	61.303
0.93562;	61.334
0.93991;	61.543
0.94421;	61.63
0.94850;	61.671
0.95279;	61.843
0.95708;	62.013
0.96137;	62.148
0.96567;	62.388
0.96996;	62.91
0.97425;	63.422
0.97854;	63.598
0.98283;	63.63
0.98712;	64.472
0.99142;	66.362
0.99571;	66.376
1.00000;	71.183

=========================

===== Load Duration [s] (DTube + o2 (DE)) =====
0.00211;	0.798
0.00422;	1.403
0.00633;	1.527
0.00844;	1.711
0.01055;	1.853
0.01266;	1.965
0.01477;	1.982
0.01899;	2.425
0.02110;	2.578
0.02321;	2.676
0.02532;	2.692
0.02743;	3.055
0.02954;	3.071
0.03165;	3.163
0.03376;	3.178
0.03586;	5.066
0.03797;	6.748
0.04008;	11.188
0.04219;	15.539
0.04430;	19.758
0.04641;	39.882
0.04852;	44.446
0.05063;	45.68
0.05274;	45.884
0.05485;	47.964
0.05696;	51.652
0.05907;	53.344
0.06118;	56.555
0.06329;	59.965
0.06540;	60.17
0.06962;	60.182
0.07384;	60.203
0.07595;	60.21
0.07806;	60.211
0.08017;	60.213
0.08228;	60.215
0.08650;	60.216
0.08861;	60.221
0.09072;	60.224
0.09283;	60.227
0.09705;	60.229
0.10127;	60.233
0.10338;	60.234
0.10549;	60.237
0.10759;	60.239
0.11181;	60.24
0.11603;	60.242
0.12236;	60.243
0.12658;	60.244
0.12869;	60.247
0.13924;	60.248
0.14557;	60.249
0.14768;	60.25
0.14979;	60.251
0.15190;	60.252
0.15612;	60.253
0.15823;	60.254
0.16034;	60.255
0.16245;	60.256
0.16667;	60.257
0.17089;	60.258
0.17300;	60.259
0.17511;	60.26
0.17932;	60.261
0.18354;	60.262
0.18776;	60.263
0.19620;	60.265
0.19831;	60.266
0.20042;	60.267
0.20464;	60.268
0.20886;	60.269
0.21097;	60.27
0.21730;	60.271
0.21941;	60.272
0.22363;	60.273
0.23629;	60.274
0.23840;	60.277
0.24051;	60.278
0.24262;	60.279
0.24473;	60.28
0.24684;	60.281
0.24895;	60.286
0.25316;	60.288
0.25738;	60.291
0.25949;	60.292
0.26371;	60.295
0.27004;	60.296
0.27637;	60.297
0.27848;	60.298
0.28059;	60.299
0.28481;	60.3
0.29536;	60.301
0.29747;	60.302
0.29958;	60.304
0.30169;	60.307
0.30380;	60.308
0.30802;	60.31
0.31013;	60.311
0.31224;	60.313
0.32068;	60.315
0.32489;	60.317
0.32700;	60.319
0.33122;	60.321
0.33333;	60.322
0.33755;	60.324
0.33966;	60.325
0.34177;	60.326
0.34388;	60.327
0.34810;	60.329
0.35021;	60.33
0.35232;	60.332
0.35443;	60.333
0.35654;	60.334
0.36287;	60.335
0.36498;	60.336
0.36920;	60.337
0.37131;	60.338
0.37553;	60.339
0.38186;	60.34
0.38608;	60.341
0.39030;	60.344
0.39451;	60.347
0.39662;	60.352
0.39873;	60.353
0.40295;	60.354
0.40506;	60.356
0.40928;	60.357
0.41139;	60.358
0.41350;	60.362
0.41561;	60.363
0.41772;	60.364
0.42405;	60.365
0.42616;	60.368
0.42827;	60.372
0.43038;	60.373
0.43460;	60.376
0.43671;	60.377
0.43882;	60.378
0.44093;	60.384
0.44304;	60.385
0.44515;	60.387
0.44726;	60.388
0.44937;	60.389
0.45148;	60.39
0.45359;	60.393
0.45570;	60.396
0.45992;	60.401
0.46203;	60.403
0.46414;	60.405
0.46624;	60.407
0.46835;	60.408
0.47046;	60.409
0.47257;	60.414
0.47890;	60.415
0.48101;	60.417
0.48312;	60.418
0.48523;	60.419
0.48734;	60.422
0.48945;	60.423
0.49578;	60.425
0.49789;	60.426
0.50000;	60.427
0.50211;	60.428
0.50422;	60.429
0.50633;	60.431
0.50844;	60.434
0.51055;	60.435
0.51266;	60.436
0.51477;	60.439
0.51688;	60.441
0.51899;	60.442
0.52110;	60.444
0.52954;	60.447
0.53165;	60.45
0.53376;	60.451
0.53586;	60.452
0.54008;	60.453
0.54430;	60.456
0.54641;	60.457
0.54852;	60.458
0.55274;	60.459
0.55485;	60.463
0.55696;	60.464
0.55907;	60.465
0.56118;	60.474
0.56329;	60.483
0.56540;	60.484
0.56962;	60.488
0.57173;	60.489
0.57384;	60.497
0.57595;	60.499
0.57806;	60.501
0.58017;	60.508
0.58228;	60.514
0.58650;	60.516
0.58861;	60.519
0.59072;	60.521
0.59283;	60.522
0.59494;	60.527
0.59916;	60.529
0.60127;	60.531
0.60338;	60.532
0.60549;	60.533
0.61181;	60.534
0.61392;	60.535
0.61603;	60.536
0.62025;	60.542
0.62236;	60.553
0.62447;	60.557
0.62869;	60.561
0.63080;	60.562
0.63291;	60.565
0.63502;	60.568
0.63713;	60.57
0.63924;	60.574
0.64135;	60.575
0.64346;	60.579
0.64557;	60.587
0.64979;	60.592
0.65190;	60.598
0.65401;	60.601
0.65612;	60.602
0.66034;	60.604
0.66456;	60.605
0.66667;	60.607
0.66878;	60.608
0.67300;	60.609
0.67511;	60.61
0.67722;	60.614
0.67932;	60.616
0.68143;	60.619
0.68354;	60.62
0.68565;	60.625
0.68776;	60.627
0.68987;	60.632
0.69198;	60.636
0.69620;	60.649
0.69831;	60.66
0.70042;	60.668
0.70253;	60.672
0.70464;	60.674
0.70675;	60.678
0.70886;	60.683
0.71097;	60.687
0.71519;	60.699
0.71730;	60.709
0.72152;	60.72
0.72363;	60.733
0.72574;	60.734
0.72785;	60.735
0.72996;	60.744
0.73207;	60.745
0.73418;	60.747
0.73629;	60.764
0.73840;	60.771
0.74051;	60.778
0.74262;	60.792
0.74473;	60.794
0.74895;	60.818
0.75105;	60.822
0.75316;	60.84
0.75527;	60.841
0.75738;	60.844
0.75949;	60.853
0.76160;	60.868
0.76371;	60.873
0.76582;	60.883
0.76793;	60.886
0.77004;	60.891
0.77215;	60.896
0.77426;	60.897
0.77637;	60.899
0.77848;	60.902
0.78059;	60.905
0.78270;	60.918
0.78481;	60.929
0.78692;	60.936
0.78903;	60.96
0.79114;	60.962
0.79325;	60.964
0.79536;	60.994
0.79747;	61.006
0.79958;	61.007
0.80169;	61.012
0.80380;	61.016
0.80591;	61.041
0.80802;	61.051
0.81013;	61.055
0.81224;	61.061
0.81435;	61.069
0.81646;	61.086
0.81857;	61.091
0.82068;	61.095
0.82278;	61.106
0.82489;	61.133
0.82700;	61.143
0.82911;	61.153
0.83122;	61.159
0.83333;	61.161
0.83544;	61.182
0.83755;	61.203
0.84177;	61.247
0.84388;	61.249
0.84599;	61.253
0.84810;	61.272
0.85021;	61.321
0.85232;	61.323
0.85443;	61.325
0.85654;	61.342
0.85865;	61.358
0.86076;	61.361
0.86287;	61.378
0.86498;	61.383
0.86709;	61.397
0.86920;	61.4
0.87131;	61.424
0.87342;	61.43
0.87553;	61.443
0.87764;	61.456
0.87975;	61.469
0.88186;	61.474
0.88397;	61.479
0.88608;	61.498
0.88819;	61.499
0.89241;	61.501
0.89451;	61.513
0.89662;	61.519
0.89873;	61.521
0.90084;	61.545
0.90506;	61.548
0.90717;	61.555
0.90928;	61.572
0.91139;	61.642
0.91350;	61.728
0.91561;	61.734
0.91772;	61.81
0.91983;	61.862
0.92194;	61.863
0.92405;	61.864
0.92616;	61.95
0.92827;	61.972
0.93038;	62.022
0.93249;	62.028
0.93460;	62.033
0.93671;	62.14
0.93882;	62.307
0.94093;	62.409
0.94304;	62.446
0.94515;	62.592
0.94726;	62.704
0.94937;	62.724
0.95148;	62.912
0.95359;	62.926
0.95570;	62.99
0.95781;	63.039
0.95992;	63.3
0.96203;	63.707
0.96414;	63.808
0.96624;	63.913
0.96835;	64.072
0.97046;	64.148
0.97257;	64.531
0.97468;	64.551
0.97679;	64.781
0.97890;	65.213
0.98101;	65.284
0.98312;	65.732
0.98523;	66.042
0.98734;	66.181
0.98945;	66.734
0.99156;	67.325
0.99367;	68.165
0.99578;	68.717
0.99789;	69.938
1.00000;	88.173

=========================

===== Load Duration [s] (DTube + Vodafone (DE)) =====
0.01149;	2.124
0.02299;	2.818
0.03448;	7.096
0.04598;	7.941
0.05747;	44.74
0.06897;	54.142
0.08046;	60.189
0.09195;	60.21
0.10345;	60.218
0.11494;	60.244
0.12644;	60.246
0.13793;	60.25
0.14943;	60.253
0.16092;	60.256
0.17241;	60.272
0.18391;	60.274
0.19540;	60.275
0.20690;	60.278
0.21839;	60.283
0.22989;	60.284
0.24138;	60.288
0.25287;	60.29
0.27586;	60.296
0.28736;	60.301
0.29885;	60.306
0.31034;	60.307
0.32184;	60.322
0.34483;	60.323
0.35632;	60.324
0.39080;	60.329
0.41379;	60.33
0.43678;	60.335
0.45977;	60.347
0.47126;	60.35
0.48276;	60.356
0.50575;	60.361
0.51724;	60.369
0.52874;	60.371
0.54023;	60.373
0.55172;	60.376
0.56322;	60.377
0.58621;	60.381
0.59770;	60.383
0.60920;	60.391
0.62069;	60.408
0.63218;	60.409
0.64368;	60.421
0.65517;	60.422
0.66667;	60.425
0.67816;	60.433
0.68966;	60.441
0.70115;	60.445
0.71264;	60.447
0.72414;	60.46
0.73563;	60.466
0.74713;	60.481
0.75862;	60.487
0.77011;	60.56
0.78161;	60.561
0.79310;	60.612
0.80460;	60.729
0.81609;	60.761
0.82759;	60.773
0.83908;	60.779
0.85057;	60.782
0.86207;	60.878
0.87356;	60.949
0.88506;	60.993
0.89655;	61.085
0.90805;	61.168
0.91954;	61.287
0.93103;	61.598
0.94253;	61.743
0.95402;	61.769
0.96552;	62.012
0.97701;	62.073
0.98851;	62.261
1.00000;	63.028

=========================

===== Load Duration [s] (DTube + SIMPLE Mobile (US)) =====
0.00500;	4.985
0.01000;	7.022
0.01500;	7.633
0.02000;	11.022
0.02500;	17.405
0.03000;	23.195
0.03500;	38.025
0.04000;	51.95
0.04500;	59.014
0.05000;	59.342
0.05500;	60.185
0.06000;	60.187
0.06500;	60.202
0.07000;	60.205
0.08000;	60.222
0.08500;	60.233
0.09500;	60.234
0.10000;	60.235
0.11500;	60.239
0.12000;	60.244
0.12500;	60.246
0.13000;	60.25
0.13500;	60.251
0.14000;	60.252
0.14500;	60.254
0.15000;	60.26
0.15500;	60.262
0.16000;	60.263
0.16500;	60.273
0.17000;	60.274
0.17500;	60.275
0.18000;	60.294
0.18500;	60.295
0.19000;	60.311
0.19500;	60.352
0.20000;	60.378
0.20500;	60.409
0.21000;	60.411
0.21500;	60.412
0.22000;	60.413
0.22500;	60.42
0.23000;	60.432
0.23500;	60.44
0.24000;	60.442
0.25000;	60.444
0.25500;	60.448
0.26000;	60.451
0.26500;	60.454
0.27000;	60.461
0.27500;	60.462
0.28000;	60.467
0.28500;	60.47
0.29000;	60.472
0.29500;	60.475
0.30500;	60.476
0.31000;	60.48
0.31500;	60.481
0.32000;	60.486
0.33000;	60.5
0.33500;	60.511
0.34000;	60.524
0.34500;	60.525
0.35000;	60.528
0.35500;	60.529
0.36000;	60.53
0.36500;	60.545
0.37000;	60.548
0.37500;	60.554
0.38000;	60.555
0.39000;	60.562
0.39500;	60.564
0.40000;	60.566
0.41000;	60.573
0.41500;	60.59
0.42000;	60.591
0.42500;	60.609
0.43000;	60.613
0.43500;	60.628
0.44000;	60.642
0.44500;	60.651
0.45000;	60.669
0.45500;	60.681
0.46000;	60.713
0.46500;	60.717
0.47000;	60.75
0.47500;	60.754
0.48000;	60.789
0.48500;	60.795
0.49000;	60.799
0.49500;	60.8
0.50000;	60.803
0.50500;	60.805
0.51000;	60.813
0.51500;	60.816
0.52000;	60.833
0.52500;	60.842
0.53000;	60.848
0.53500;	60.874
0.54000;	60.883
0.54500;	60.886
0.55000;	60.889
0.55500;	60.899
0.56000;	60.905
0.56500;	60.911
0.57500;	60.922
0.58000;	60.933
0.58500;	60.954
0.59000;	60.968
0.59500;	60.969
0.60000;	60.982
0.60500;	60.983
0.61000;	60.988
0.61500;	61.012
0.62000;	61.062
0.62500;	61.079
0.63000;	61.085
0.63500;	61.115
0.64000;	61.129
0.64500;	61.138
0.65000;	61.155
0.65500;	61.17
0.66000;	61.173
0.66500;	61.203
0.67000;	61.207
0.67500;	61.209
0.68000;	61.229
0.68500;	61.23
0.69000;	61.232
0.69500;	61.234
0.70000;	61.243
0.70500;	61.25
0.71000;	61.254
0.71500;	61.264
0.72000;	61.275
0.72500;	61.282
0.73000;	61.32
0.73500;	61.359
0.74000;	61.369
0.74500;	61.438
0.75000;	61.447
0.75500;	61.472
0.76000;	61.505
0.76500;	61.525
0.77000;	61.55
0.77500;	61.595
0.78000;	61.623
0.78500;	61.677
0.79000;	61.766
0.79500;	61.78
0.80000;	61.789
0.80500;	61.832
0.81000;	61.86
0.81500;	61.862
0.82000;	61.986
0.82500;	62.045
0.83000;	62.15
0.83500;	62.175
0.84000;	62.241
0.84500;	62.247
0.85000;	62.265
0.85500;	62.448
0.86000;	62.513
0.86500;	62.55
0.87000;	62.966
0.87500;	62.977
0.88000;	63.146
0.88500;	63.161
0.89000;	63.439
0.89500;	63.558
0.90000;	63.777
0.90500;	63.839
0.91000;	63.842
0.91500;	63.867
0.92000;	64.121
0.92500;	65.008
0.93000;	65.265
0.93500;	65.616
0.94000;	66.416
0.94500;	66.441
0.95000;	66.837
0.95500;	67.25
0.96000;	67.471
0.96500;	68.159
0.97000;	68.531
0.97500;	68.58
0.98000;	68.593
0.98500;	69.792
0.99000;	71.405
0.99500;	73.158
1.00000;	77.128

=========================

===== Load Duration [s] (YouTube + T-Mobile (DE)) =====
0.00216;	0.52
0.00433;	0.552
0.00649;	0.628
0.00866;	0.639
0.01082;	0.8
0.01299;	0.856
0.01515;	1.009
0.01732;	1.09
0.01948;	1.098
0.02165;	1.394
0.02381;	3.496
0.02597;	5.293
0.02814;	36.476
0.03030;	37.221
0.03247;	39.095
0.03463;	39.357
0.03680;	41.028
0.03896;	41.27
0.04113;	43.177
0.04329;	44.847
0.04545;	44.931
0.04762;	49.544
0.04978;	49.766
0.05195;	50.261
0.05411;	52.485
0.05628;	60.301
0.05844;	60.321
0.06277;	60.359
0.06494;	60.362
0.06710;	60.367
0.06926;	60.369
0.07143;	60.372
0.07359;	60.383
0.07792;	60.393
0.08009;	60.397
0.08442;	60.401
0.08658;	60.403
0.08874;	60.405
0.09091;	60.407
0.09307;	60.409
0.09524;	60.411
0.09957;	60.412
0.10173;	60.421
0.10390;	60.423
0.10606;	60.424
0.10823;	60.425
0.11039;	60.426
0.11905;	60.427
0.12554;	60.428
0.12987;	60.429
0.13203;	60.43
0.13420;	60.432
0.14069;	60.433
0.14286;	60.435
0.14502;	60.437
0.14935;	60.439
0.15368;	60.44
0.15584;	60.441
0.15801;	60.442
0.16017;	60.443
0.16234;	60.444
0.16450;	60.445
0.16667;	60.446
0.17100;	60.447
0.17316;	60.448
0.17532;	60.449
0.17965;	60.452
0.18182;	60.453
0.18398;	60.454
0.18615;	60.455
0.18831;	60.456
0.19048;	60.458
0.19264;	60.459
0.19481;	60.46
0.19697;	60.461
0.19913;	60.462
0.20130;	60.463
0.20346;	60.466
0.20563;	60.467
0.20779;	60.468
0.20996;	60.471
0.21212;	60.472
0.21429;	60.473
0.22078;	60.474
0.22294;	60.475
0.22727;	60.477
0.23377;	60.478
0.23593;	60.48
0.23810;	60.482
0.24026;	60.484
0.24242;	60.485
0.24892;	60.486
0.25541;	60.488
0.26190;	60.489
0.26407;	60.492
0.26623;	60.495
0.26840;	60.496
0.27273;	60.497
0.27706;	60.498
0.27922;	60.499
0.28571;	60.501
0.28788;	60.503
0.29221;	60.504
0.29654;	60.505
0.30519;	60.506
0.31169;	60.508
0.32251;	60.509
0.32900;	60.51
0.33766;	60.511
0.34632;	60.512
0.34848;	60.513
0.35281;	60.514
0.35714;	60.515
0.35931;	60.518
0.36147;	60.519
0.36580;	60.52
0.36797;	60.521
0.37229;	60.522
0.37446;	60.523
0.37662;	60.526
0.37879;	60.527
0.38095;	60.528
0.38961;	60.529
0.39177;	60.53
0.39394;	60.531
0.39610;	60.532
0.39827;	60.533
0.40476;	60.534
0.40909;	60.535
0.41126;	60.537
0.41775;	60.538
0.41991;	60.539
0.42424;	60.54
0.42641;	60.541
0.43074;	60.542
0.43506;	60.543
0.43723;	60.544
0.44156;	60.545
0.44589;	60.546
0.45238;	60.547
0.45455;	60.549
0.45671;	60.55
0.46104;	60.551
0.46537;	60.552
0.46753;	60.553
0.47186;	60.555
0.48052;	60.556
0.48918;	60.558
0.49351;	60.56
0.49567;	60.561
0.50000;	60.562
0.50866;	60.564
0.51299;	60.566
0.51732;	60.567
0.52165;	60.568
0.52814;	60.569
0.53247;	60.57
0.53896;	60.571
0.54329;	60.573
0.54762;	60.574
0.55195;	60.576
0.55411;	60.577
0.55844;	60.578
0.56710;	60.579
0.56926;	60.58
0.57143;	60.581
0.57359;	60.582
0.58009;	60.583
0.58442;	60.584
0.58874;	60.586
0.59091;	60.587
0.59307;	60.588
0.59740;	60.589
0.59957;	60.591
0.60173;	60.594
0.60606;	60.595
0.60823;	60.598
0.61039;	60.599
0.61472;	60.6
0.61688;	60.601
0.61905;	60.602
0.62338;	60.603
0.62987;	60.605
0.63420;	60.606
0.63636;	60.609
0.63853;	60.612
0.64069;	60.616
0.64286;	60.619
0.64502;	60.62
0.64719;	60.622
0.64935;	60.623
0.65368;	60.624
0.65801;	60.625
0.66234;	60.626
0.66883;	60.627
0.67532;	60.628
0.67965;	60.629
0.68182;	60.63
0.68398;	60.632
0.68615;	60.633
0.68831;	60.634
0.69048;	60.635
0.69264;	60.636
0.69697;	60.638
0.69913;	60.64
0.70130;	60.644
0.70346;	60.645
0.70996;	60.647
0.71212;	60.65
0.71429;	60.654
0.71645;	60.656
0.71861;	60.657
0.72294;	60.658
0.72511;	60.659
0.72727;	60.66
0.73160;	60.664
0.73593;	60.666
0.74026;	60.669
0.74675;	60.67
0.75325;	60.671
0.75541;	60.673
0.75758;	60.674
0.75974;	60.675
0.76407;	60.68
0.76623;	60.681
0.77056;	60.683
0.77273;	60.684
0.77706;	60.686
0.77922;	60.687
0.78139;	60.69
0.78355;	60.693
0.79004;	60.702
0.79654;	60.703
0.79870;	60.704
0.80087;	60.705
0.80736;	60.708
0.81169;	60.709
0.81818;	60.712
0.82035;	60.714
0.82251;	60.715
0.82468;	60.717
0.82900;	60.719
0.83117;	60.725
0.83333;	60.726
0.83550;	60.732
0.83766;	60.734
0.83983;	60.735
0.84199;	60.736
0.84416;	60.737
0.84632;	60.739
0.84848;	60.745
0.85281;	60.752
0.85498;	60.753
0.85714;	60.755
0.85931;	60.756
0.86147;	60.759
0.86364;	60.761
0.86580;	60.763
0.87013;	60.768
0.87229;	60.769
0.87662;	60.771
0.87879;	60.772
0.88095;	60.775
0.88312;	60.78
0.88528;	60.781
0.88961;	60.786
0.89177;	60.795
0.89394;	60.796
0.89610;	60.798
0.89827;	60.812
0.90043;	60.815
0.90476;	60.817
0.90693;	60.819
0.90909;	60.821
0.91126;	60.825
0.91342;	60.828
0.91558;	60.838
0.91775;	60.84
0.91991;	60.843
0.92208;	60.844
0.92641;	60.847
0.92857;	60.853
0.93074;	60.857
0.93290;	60.86
0.93506;	60.863
0.93723;	60.872
0.93939;	60.88
0.94372;	60.883
0.94805;	60.889
0.95022;	60.903
0.95238;	60.908
0.95887;	60.91
0.96104;	60.913
0.96320;	60.92
0.96537;	60.93
0.96753;	60.945
0.96970;	60.958
0.97186;	60.965
0.97403;	61.042
0.97619;	61.052
0.97835;	61.053
0.98052;	61.057
0.98268;	61.062
0.98485;	61.063
0.98701;	61.092
0.98918;	61.098
0.99134;	61.115
0.99351;	61.145
0.99567;	61.315
0.99784;	61.526
1.00000;	61.803

=========================

===== Load Duration [s] (YouTube + o2 (DE)) =====
0.00109;	0.4
0.00435;	0.624
0.00762;	0.791
0.01088;	0.864
0.01415;	1.302
0.01741;	1.992
0.02067;	3.368
0.02394;	8.677
0.02720;	12.465
0.03047;	14.737
0.03373;	27.345
0.03700;	36.935
0.04026;	40.402
0.04353;	41.733
0.04679;	43.189
0.05005;	44.426
0.05332;	46.981
0.05658;	48.945
0.05985;	54.33
0.06311;	58.227
0.06638;	60.262
0.07073;	60.308
0.07399;	60.331
0.07726;	60.35
0.08161;	60.361
0.08487;	60.368
0.08923;	60.375
0.09358;	60.378
0.09793;	60.382
0.10120;	60.386
0.10446;	60.391
0.10773;	60.395
0.11208;	60.399
0.11643;	60.403
0.12296;	60.407
0.13058;	60.41
0.13819;	60.414
0.14255;	60.418
0.15125;	60.421
0.15996;	60.424
0.16649;	60.427
0.17519;	60.431
0.18281;	60.437
0.19369;	60.44
0.19804;	60.443
0.20457;	60.446
0.21545;	60.449
0.22524;	60.453
0.23504;	60.458
0.24266;	60.462
0.25027;	60.465
0.25680;	60.468
0.26224;	60.471
0.26986;	60.474
0.27748;	60.478
0.28400;	60.482
0.29271;	60.486
0.30033;	60.489
0.30794;	60.493
0.31447;	60.496
0.31882;	60.499
0.32535;	60.502
0.33079;	60.506
0.33732;	60.509
0.34059;	60.512
0.34820;	60.515
0.35365;	60.518
0.35909;	60.521
0.36453;	60.526
0.36888;	60.529
0.37323;	60.532
0.38085;	60.535
0.38955;	60.538
0.39391;	60.541
0.40044;	60.544
0.40805;	60.547
0.41676;	60.55
0.42437;	60.553
0.42982;	60.556
0.43417;	60.56
0.44505;	60.563
0.45158;	60.567
0.45919;	60.57
0.46790;	60.573
0.47443;	60.576
0.47878;	60.579
0.48857;	60.582
0.49728;	60.587
0.50598;	60.592
0.51143;	60.597
0.51904;	60.6
0.52557;	60.603
0.53101;	60.606
0.53645;	60.609
0.54298;	60.612
0.54733;	60.615
0.55169;	60.619
0.56039;	60.623
0.56474;	60.628
0.57236;	60.631
0.57889;	60.636
0.58433;	60.64
0.58868;	60.643
0.59630;	60.647
0.60283;	60.651
0.60936;	60.658
0.61371;	60.664
0.61915;	60.667
0.62459;	60.671
0.63003;	60.675
0.63656;	60.682
0.63983;	60.686
0.64418;	60.691
0.64744;	60.696
0.65071;	60.702
0.65615;	60.709
0.66268;	60.713
0.66594;	60.716
0.66921;	60.723
0.67573;	60.728
0.67900;	60.735
0.68662;	60.743
0.69097;	60.754
0.69423;	60.759
0.69859;	60.766
0.70403;	60.771
0.70947;	60.779
0.71273;	60.786
0.71817;	60.794
0.72361;	60.8
0.72797;	60.806
0.73341;	60.818
0.73667;	60.824
0.74102;	60.828
0.74429;	60.837
0.74755;	60.847
0.75190;	60.851
0.75517;	60.862
0.75843;	60.873
0.76170;	60.881
0.76496;	60.888
0.77040;	60.897
0.77476;	60.908
0.77911;	60.92
0.78237;	60.931
0.78672;	60.948
0.79108;	60.955
0.79543;	60.969
0.79978;	60.979
0.80305;	60.992
0.80631;	61.009
0.80958;	61.029
0.81284;	61.043
0.81610;	61.047
0.81937;	61.064
0.82263;	61.079
0.82590;	61.102
0.82916;	61.115
0.83243;	61.133
0.83569;	61.206
0.83896;	61.22
0.84222;	61.263
0.84548;	61.283
0.84875;	61.297
0.85201;	61.319
0.85528;	61.339
0.85854;	61.362
0.86181;	61.39
0.86507;	61.442
0.86834;	61.516
0.87160;	61.549
0.87486;	61.601
0.87813;	61.669
0.88139;	61.767
0.88466;	61.835
0.88792;	61.881
0.89119;	61.94
0.89445;	62.002
0.89771;	62.066
0.90098;	62.107
0.90424;	62.194
0.90751;	62.302
0.91077;	62.457
0.91404;	62.537
0.91730;	62.563
0.92057;	62.717
0.92383;	62.91
0.92709;	63.012
0.93036;	63.097
0.93362;	63.56
0.93689;	63.936
0.94015;	64.32
0.94342;	64.396
0.94668;	64.73
0.94995;	64.89
0.95321;	65.182
0.95647;	65.448
0.95974;	65.768
0.96300;	66.117
0.96627;	66.436
0.96953;	66.744
0.97280;	67.486
0.97606;	67.878
0.97933;	68.708
0.98259;	70.915
0.98585;	72.578
0.98912;	76.356
0.99238;	79.688
0.99565;	87.156
0.99891;	96.643

=========================

===== Load Duration [s] (YouTube + Vodafone (DE)) =====
0.01205;	5.694
0.02410;	6.941
0.03614;	17.933
0.04819;	44.135
0.06024;	46.278
0.07229;	47.379
0.08434;	49.425
0.09639;	50.962
0.10843;	51.922
0.12048;	60.481
0.13253;	60.52
0.14458;	60.53
0.15663;	60.553
0.16867;	60.588
0.18072;	60.603
0.19277;	60.607
0.20482;	60.611
0.21687;	60.633
0.22892;	60.668
0.24096;	60.674
0.25301;	60.725
0.26506;	60.732
0.27711;	60.764
0.28916;	60.854
0.30120;	60.866
0.31325;	60.867
0.32530;	60.873
0.33735;	60.877
0.34940;	60.902
0.36145;	60.905
0.37349;	60.943
0.38554;	60.95
0.39759;	60.956
0.40964;	60.963
0.42169;	60.983
0.43373;	60.992
0.44578;	61.031
0.45783;	61.065
0.46988;	61.066
0.48193;	61.067
0.49398;	61.073
0.50602;	61.074
0.51807;	61.091
0.53012;	61.095
0.54217;	61.101
0.55422;	61.123
0.56627;	61.135
0.57831;	61.145
0.59036;	61.151
0.60241;	61.178
0.61446;	61.196
0.62651;	61.204
0.63855;	61.225
0.65060;	61.229
0.66265;	61.246
0.67470;	61.25
0.68675;	61.257
0.69880;	61.263
0.71084;	61.293
0.72289;	61.297
0.73494;	61.338
0.74699;	61.393
0.75904;	61.4
0.77108;	61.444
0.78313;	61.533
0.79518;	61.56
0.80723;	61.596
0.81928;	61.766
0.83133;	61.812
0.84337;	61.826
0.85542;	61.86
0.86747;	61.904
0.87952;	62.347
0.89157;	62.794
0.90361;	63.136
0.91566;	63.353
0.92771;	63.796
0.93976;	63.836
0.95181;	64.586
0.96386;	66.659
0.97590;	66.777
0.98795;	67.906
1.00000;	70.822

=========================

===== Load Duration [s] (YouTube + SIMPLE Mobile (US)) =====
0.00503;	0.831
0.01005;	0.881
0.01508;	0.891
0.02010;	1.435
0.02513;	40.729
0.03015;	41.077
0.03518;	60.361
0.04020;	60.364
0.04523;	60.367
0.05025;	60.368
0.05528;	60.374
0.06030;	60.375
0.06533;	60.385
0.07035;	60.415
0.07538;	60.416
0.08543;	60.417
0.09045;	60.418
0.09548;	60.419
0.10050;	60.42
0.11055;	60.421
0.11558;	60.424
0.12060;	60.427
0.12563;	60.431
0.13568;	60.438
0.14070;	60.446
0.14573;	60.448
0.15075;	60.451
0.15578;	60.453
0.16080;	60.454
0.16583;	60.46
0.17085;	60.466
0.17588;	60.468
0.18090;	60.47
0.18593;	60.471
0.19095;	60.473
0.20101;	60.474
0.20603;	60.477
0.21106;	60.478
0.21608;	60.479
0.22613;	60.482
0.23116;	60.483
0.23618;	60.485
0.24121;	60.487
0.24623;	60.491
0.25126;	60.492
0.26131;	60.498
0.26633;	60.501
0.27136;	60.502
0.27638;	60.504
0.28643;	60.506
0.29146;	60.515
0.29648;	60.518
0.30151;	60.525
0.31156;	60.527
0.31658;	60.529
0.32161;	60.53
0.32663;	60.532
0.33166;	60.533
0.34673;	60.534
0.35176;	60.536
0.36181;	60.537
0.37186;	60.538
0.37688;	60.539
0.38191;	60.541
0.39196;	60.542
0.39698;	60.543
0.40201;	60.544
0.40704;	60.545
0.41206;	60.546
0.42211;	60.547
0.43216;	60.549
0.43719;	60.55
0.44221;	60.551
0.44724;	60.553
0.45729;	60.558
0.46231;	60.559
0.46734;	60.562
0.47236;	60.563
0.48241;	60.564
0.48744;	60.566
0.49246;	60.567
0.50251;	60.57
0.51256;	60.572
0.51759;	60.574
0.52261;	60.58
0.52764;	60.585
0.53769;	60.586
0.54271;	60.587
0.54774;	60.589
0.55779;	60.59
0.56281;	60.592
0.56784;	60.6
0.57286;	60.602
0.57789;	60.606
0.58291;	60.612
0.58794;	60.616
0.59296;	60.622
0.59799;	60.626
0.60302;	60.627
0.61307;	60.629
0.62312;	60.635
0.62814;	60.642
0.63317;	60.645
0.63819;	60.647
0.64824;	60.651
0.65829;	60.653
0.66332;	60.664
0.66834;	60.665
0.67337;	60.669
0.67839;	60.67
0.68342;	60.674
0.68844;	60.675
0.69347;	60.678
0.69849;	60.689
0.70352;	60.695
0.70854;	60.701
0.71357;	60.704
0.71859;	60.709
0.72362;	60.71
0.72864;	60.712
0.73367;	60.713
0.73869;	60.72
0.74372;	60.723
0.74874;	60.727
0.75377;	60.738
0.75879;	60.741
0.76382;	60.755
0.76884;	60.756
0.77387;	60.757
0.77889;	60.768
0.78392;	60.788
0.78894;	60.809
0.79397;	60.814
0.79899;	60.823
0.80402;	60.848
0.80905;	60.897
0.81407;	60.921
0.81910;	60.937
0.82412;	60.947
0.82915;	60.961
0.83417;	60.994
0.83920;	61.024
0.84422;	61.027
0.84925;	61.035
0.85427;	61.037
0.85930;	61.076
0.86432;	61.078
0.86935;	61.104
0.87437;	61.118
0.87940;	61.154
0.88442;	61.204
0.88945;	61.218
0.89447;	61.232
0.89950;	61.261
0.90452;	61.293
0.90955;	61.308
0.91457;	61.329
0.91960;	61.375
0.92462;	61.422
0.92965;	61.437
0.93467;	61.646
0.93970;	61.705
0.94472;	61.706
0.94975;	61.858
0.95477;	61.866
0.95980;	61.895
0.96482;	62.659
0.96985;	62.885
0.97487;	65.598
0.97990;	66.511
0.98492;	67.168
0.98995;	67.185
0.99497;	82.738
1.00000;	84.221

=========================

