===== MiB loaded (DTube + T-Mobile (DE)) =====
0.00429;	0.43424
0.01288;	2.00015
0.01717;	2.00021
0.02146;	2.00022
0.02575;	2.00026
0.03004;	2.00043
0.03433;	2.00045
0.03863;	2.0005
0.04292;	2.00083
0.04721;	2.00086
0.05150;	2.02859
0.05579;	2.05529
0.06009;	2.44894
0.06438;	2.8069
0.06867;	3.00032
0.07296;	3.00115
0.07725;	3.00173
0.08155;	3.00209
0.08584;	3.00564
0.09013;	3.00673
0.09442;	3.00808
0.09871;	3.01925
0.10300;	3.02229
0.10730;	3.02572
0.11159;	3.49088
0.11588;	4.00045
0.12017;	4.00097
0.12446;	4.00109
0.12876;	4.00156
0.13305;	4.00301
0.13734;	4.00487
0.14163;	4.00547
0.14592;	4.00792
0.15021;	4.00911
0.15451;	4.04087
0.15880;	4.04521
0.16309;	4.05022
0.16738;	4.08748
0.17167;	4.40918
0.17597;	5.00047
0.18026;	5.00145
0.18455;	5.00196
0.18884;	5.00219
0.19742;	5.00315
0.20172;	5.00327
0.20601;	5.00379
0.21030;	5.00388
0.21459;	5.00531
0.21888;	5.0065
0.22318;	5.00726
0.22747;	5.01671
0.23176;	5.02647
0.23605;	5.03478
0.24034;	5.13593
0.24464;	6.00196
0.24893;	6.00275
0.25322;	6.00425
0.25751;	6.01506
0.26180;	6.01529
0.26609;	6.0275
0.27039;	6.03114
0.27468;	6.03485
0.27897;	6.04415
0.28326;	6.05067
0.28755;	6.54753
0.29185;	7.00432
0.29614;	7.00516
0.30043;	7.00557
0.30472;	7.00579
0.30901;	7.00583
0.31330;	7.00596
0.31760;	7.00922
0.32189;	7.01037
0.32618;	7.0114
0.33047;	7.012
0.33476;	7.01283
0.33906;	7.01365
0.34335;	7.01731
0.34764;	7.01918
0.35193;	7.02002
0.35622;	7.02201
0.36052;	7.02535
0.36481;	7.02755
0.36910;	7.06519
0.37339;	7.07002
0.37768;	7.1082
0.38197;	7.12004
0.38627;	7.34355
0.39056;	7.69909
0.39485;	8.00569
0.39914;	8.00637
0.40343;	8.00787
0.40773;	8.00963
0.41202;	8.011
0.41631;	8.01211
0.42060;	8.01298
0.42489;	8.01388
0.43348;	8.02285
0.43777;	8.02391
0.44206;	8.03656
0.44635;	8.04135
0.45064;	8.05107
0.45494;	8.06008
0.45923;	8.08629
0.46352;	9.00708
0.46781;	9.01653
0.47210;	9.017
0.47639;	9.01774
0.48069;	9.01776
0.48498;	9.02115
0.48927;	9.02825
0.49356;	9.03078
0.49785;	9.03675
0.50644;	9.05266
0.51073;	9.06028
0.51502;	9.08195
0.51931;	10.01085
0.52361;	10.01106
0.52790;	10.0149
0.53219;	10.01843
0.53648;	10.01992
0.54077;	10.02411
0.54506;	10.02502
0.54936;	10.02566
0.55365;	10.03546
0.55794;	10.03852
0.56223;	10.04144
0.56652;	10.04341
0.57082;	10.04708
0.57511;	10.0689
0.57940;	10.07179
0.58369;	10.52984
0.58798;	11.02304
0.59227;	11.0234
0.59657;	11.02551
0.60086;	11.04125
0.60515;	11.28998
0.60944;	12.01879
0.61373;	12.02045
0.61803;	12.02148
0.62232;	12.02215
0.62661;	12.02363
0.63090;	12.02879
0.63519;	12.03076
0.63948;	12.03293
0.64378;	12.03418
0.64807;	12.03465
0.65236;	12.03837
0.65665;	12.04919
0.66094;	12.05986
0.66524;	12.05987
0.66953;	12.06313
0.67382;	12.06401
0.67811;	12.06656
0.68240;	12.07116
0.68670;	12.07403
0.69099;	12.07594
0.69528;	12.59769
0.69957;	13.02599
0.70386;	13.02843
0.71245;	13.03036
0.71674;	13.03081
0.72103;	13.04135
0.72532;	13.05927
0.72961;	13.06416
0.73391;	13.14923
0.73820;	13.61761
0.74249;	14.02134
0.74678;	14.04246
0.75107;	14.05622
0.75536;	14.06408
0.75966;	14.2189
0.76395;	14.54708
0.76824;	14.74715
0.77253;	15.04268
0.77682;	15.04389
0.78112;	15.04807
0.78541;	15.05824
0.78970;	15.06621
0.79399;	15.08252
0.79828;	15.16223
0.80258;	16.03105
0.80687;	16.06269
0.81116;	16.06294
0.81545;	16.07721
0.81974;	17.05212
0.82403;	17.06754
0.82833;	17.1233
0.83262;	17.19893
0.83691;	17.33233
0.84120;	18.05772
0.84549;	19.07787
0.84979;	19.0805
0.85408;	19.1203
0.85837;	19.13377
0.86266;	19.17351
0.86695;	19.2039
0.87124;	20.09916
0.87554;	20.21089
0.87983;	21.10088
0.88412;	21.10636
0.88841;	21.13903
0.89270;	22.11118
0.89700;	22.14276
0.90129;	22.16273
0.90558;	23.13346
0.90987;	24.08068
0.91416;	24.13523
0.91845;	24.19257
0.92275;	24.30515
0.92704;	25.12958
0.93133;	25.14595
0.93562;	26.18484
0.93991;	26.29049
0.94421;	26.38831
0.94850;	26.46088
0.95279;	27.18359
0.95708;	27.21243
0.96137;	28.15117
0.96567;	28.27053
0.96996;	28.35638
0.97425;	31.19632
0.97854;	37.39185
0.98283;	45.65503
0.98712;	46.69731
0.99142;	50.76022
0.99571;	81.047
1.00000;	135.65173

=========================

===== MiB loaded (DTube + o2 (DE)) =====
0.00211;	0.43424
0.00633;	0.92355
0.01055;	1.71436
0.01477;	2.00021
0.01899;	2.00026
0.02321;	2.00046
0.02743;	2.00051
0.03165;	2.00062
0.03586;	2.00128
0.04008;	2.00444
0.04430;	2.01837
0.05063;	2.20654
0.05485;	3.00031
0.05907;	3.00051
0.06329;	3.00056
0.06751;	3.00065
0.07173;	3.00094
0.07595;	3.00117
0.08017;	3.00126
0.08439;	3.00138
0.08861;	3.00188
0.09283;	3.00304
0.09705;	3.00559
0.10127;	3.02229
0.10549;	3.05263
0.10970;	3.08632
0.11392;	3.7365
0.11814;	3.97525
0.12236;	4.00078
0.12658;	4.00087
0.13080;	4.0012
0.13502;	4.00127
0.13924;	4.00135
0.14346;	4.00155
0.14768;	4.00181
0.15190;	4.00195
0.15612;	4.002
0.16034;	4.00245
0.16456;	4.00476
0.16878;	4.00504
0.17300;	4.00911
0.17722;	4.01222
0.18143;	4.01899
0.18565;	4.03256
0.18987;	4.05689
0.19409;	4.10035
0.19831;	4.42712
0.20253;	5.00132
0.20886;	5.00158
0.21308;	5.00167
0.21730;	5.00224
0.22152;	5.00234
0.22574;	5.00276
0.22996;	5.00325
0.23418;	5.00344
0.23840;	5.00377
0.24262;	5.00441
0.24684;	5.00494
0.25105;	5.00639
0.25527;	5.00731
0.25949;	5.0085
0.26371;	5.01234
0.26793;	5.01386
0.27215;	5.03042
0.28059;	5.57547
0.28481;	6.0011
0.28903;	6.00193
0.29325;	6.00363
0.29958;	6.00425
0.30380;	6.00472
0.30802;	6.0052
0.31435;	6.01115
0.31857;	6.01329
0.32278;	6.01572
0.32700;	6.02014
0.33122;	6.08869
0.33544;	6.34272
0.33966;	6.55593
0.34388;	6.64664
0.34810;	7.00318
0.35232;	7.00359
0.35654;	7.00472
0.36076;	7.00638
0.36498;	7.00694
0.36920;	7.00731
0.37342;	7.0082
0.37764;	7.00866
0.38186;	7.01111
0.38608;	7.01226
0.39030;	7.01274
0.39451;	7.01615
0.39873;	7.01865
0.40295;	7.02532
0.40717;	7.02783
0.41139;	7.06519
0.41561;	7.34355
0.41983;	7.59973
0.42405;	7.66932
0.42827;	7.76071
0.43249;	8.00366
0.43671;	8.00531
0.44093;	8.00675
0.44515;	8.00911
0.44937;	8.00936
0.45359;	8.01093
0.45781;	8.01309
0.46203;	8.016
0.46624;	8.01917
0.47046;	8.02075
0.47468;	8.02505
0.47890;	8.02794
0.48312;	8.04754
0.48734;	8.07982
0.49156;	8.5331
0.49578;	9.0073
0.50000;	9.01006
0.50422;	9.01349
0.50844;	9.01394
0.51266;	9.01704
0.51688;	9.01823
0.52110;	9.02085
0.52532;	9.02939
0.52954;	9.71831
0.53376;	10.0149
0.53797;	10.01579
0.54219;	10.02281
0.54852;	10.02474
0.55274;	10.02958
0.55696;	10.03188
0.56118;	10.05445
0.56540;	10.07203
0.56962;	10.10577
0.57595;	10.13825
0.58017;	10.35266
0.58439;	10.61302
0.58861;	11.0164
0.59705;	11.02028
0.60127;	11.02128
0.60549;	11.02533
0.60970;	11.03193
0.61392;	11.03757
0.61814;	11.0478
0.62236;	11.0491
0.62658;	11.07946
0.63080;	11.25414
0.63502;	11.50043
0.63924;	12.01666
0.64346;	12.02103
0.64768;	12.0248
0.65190;	12.02509
0.65612;	12.03471
0.66034;	12.05111
0.66456;	12.0568
0.66878;	12.07513
0.67300;	12.38414
0.67722;	12.8025
0.68143;	13.01933
0.68565;	13.03101
0.68987;	13.03294
0.69409;	13.04434
0.69831;	13.05015
0.70253;	13.06142
0.70675;	13.09702
0.71097;	13.36339
0.71519;	13.90709
0.71941;	14.01877
0.72363;	14.03393
0.72785;	14.05518
0.73207;	14.06279
0.73629;	14.08814
0.74051;	14.13447
0.74473;	15.02522
0.74895;	15.05786
0.75316;	15.09271
0.75738;	15.13092
0.76160;	15.16223
0.76582;	15.84142
0.77215;	16.03622
0.77637;	16.06878
0.78059;	16.0722
0.78481;	16.07441
0.78903;	16.11768
0.79325;	16.38169
0.79747;	17.05613
0.80169;	17.09855
0.80591;	17.10872
0.81013;	17.59732
0.81435;	18.06785
0.81857;	18.08782
0.82278;	18.1082
0.82700;	18.25143
0.83122;	18.86385
0.83544;	19.0917
0.83966;	19.49546
0.84388;	20.03073
0.84810;	20.06003
0.85232;	20.09657
0.85654;	20.15428
0.86076;	20.18637
0.86498;	20.22065
0.86920;	20.91552
0.87342;	21.0819
0.87764;	22.04788
0.88186;	22.10387
0.88608;	22.13731
0.89030;	22.32843
0.89451;	23.01409
0.89873;	23.1279
0.90295;	23.4845
0.90717;	24.15294
0.91139;	25.12958
0.91561;	25.17892
0.91983;	26.13394
0.92405;	26.58719
0.92827;	27.19713
0.93249;	27.23958
0.93671;	27.30888
0.94093;	28.27676
0.94515;	28.84228
0.94937;	29.21431
0.95359;	29.24011
0.95781;	29.6724
0.96203;	30.16378
0.96624;	31.64351
0.97046;	33.28192
0.97468;	37.58778
0.97890;	39.86498
0.98312;	44.07244
0.98734;	44.69031
0.99156;	48.65617
0.99578;	62.81151
1.00000;	110.31114

=========================

===== MiB loaded (DTube + Vodafone (DE)) =====
0.01149;	0.38146
0.02299;	1.00174
0.03448;	1.32391
0.04598;	1.96561
0.05747;	2.00006
0.06897;	2.00016
0.08046;	2.00031
0.10345;	2.00035
0.11494;	2.00071
0.12644;	2.00352
0.13793;	3.00051
0.16092;	3.00054
0.17241;	3.00073
0.18391;	3.00154
0.19540;	3.01135
0.20690;	3.01429
0.21839;	3.0331
0.22989;	3.41004
0.24138;	4.00077
0.25287;	4.00078
0.26437;	4.00097
0.27586;	4.00144
0.28736;	4.00152
0.29885;	4.00154
0.31034;	4.01653
0.32184;	4.47363
0.33333;	4.67895
0.34483;	4.94833
0.36782;	5.00159
0.37931;	5.00199
0.39080;	5.00255
0.40230;	5.00301
0.41379;	5.00435
0.42529;	5.00503
0.43678;	5.0058
0.44828;	5.00636
0.45977;	5.00685
0.47126;	5.01038
0.48276;	5.01241
0.49425;	6.00126
0.50575;	6.00174
0.51724;	6.00613
0.52874;	6.00655
0.54023;	6.00961
0.55172;	6.01181
0.56322;	6.14063
0.57471;	7.00189
0.58621;	7.00472
0.59770;	7.0076
0.60920;	7.01089
0.62069;	7.01145
0.63218;	7.01613
0.64368;	7.0215
0.65517;	7.05254
0.66667;	7.23068
0.67816;	7.25177
0.68966;	7.42576
0.70115;	8.00728
0.71264;	8.00789
0.72414;	8.00799
0.74713;	8.0132
0.77011;	8.02883
0.78161;	8.05472
0.79310;	9.0073
0.80460;	9.0143
0.82759;	9.01927
0.83908;	9.02311
0.85057;	9.04388
0.86207;	10.01163
0.87356;	10.01923
0.88506;	10.02665
0.89655;	10.0344
0.90805;	10.03775
0.91954;	11.01748
0.93103;	11.02119
0.94253;	11.02923
0.95402;	13.20408
0.96552;	14.02359
0.97701;	15.07374
0.98851;	24.45358
1.00000;	33.13851

=========================

===== MiB loaded (DTube + SIMPLE Mobile (US)) =====
0.00500;	1.00001
0.01000;	1.00009
0.02000;	1.00014
0.03500;	1.07843
0.04000;	1.5948
0.05500;	2.00021
0.06500;	2.00025
0.07000;	2.00027
0.07500;	2.00031
0.08000;	2.00036
0.08500;	2.00038
0.10000;	2.00039
0.11000;	2.00042
0.12000;	2.00044
0.12500;	2.00047
0.13000;	2.00052
0.13500;	2.81106
0.14500;	3.00019
0.15500;	3.00031
0.16000;	3.00042
0.16500;	3.00063
0.17000;	3.0008
0.17500;	3.00103
0.18000;	3.00109
0.18500;	3.00162
0.19000;	3.00162
0.19500;	3.00169
0.20000;	3.00328
0.20500;	3.00369
0.21000;	3.00564
0.21500;	3.00782
0.22500;	3.00915
0.23500;	3.01285
0.24500;	3.66884
0.25500;	4.00044
0.26000;	4.00045
0.26500;	4.00068
0.28000;	4.00083
0.28500;	4.00095
0.29000;	4.00107
0.29500;	4.00129
0.30000;	4.00156
0.31500;	4.00168
0.32000;	4.00175
0.33000;	4.00253
0.34000;	4.0035
0.34500;	4.00364
0.35000;	4.00467
0.35500;	4.00547
0.36000;	4.00784
0.37000;	4.01631
0.37500;	4.01808
0.38000;	4.1265
0.38500;	4.41823
0.39000;	4.91712
0.39500;	4.98104
0.40000;	5.00079
0.40500;	5.00096
0.41000;	5.00109
0.42000;	5.0011
0.42500;	5.0012
0.43000;	5.00191
0.43500;	5.00233
0.44000;	5.00249
0.44500;	5.00252
0.46000;	5.00255
0.46500;	5.00292
0.48000;	5.003
0.48500;	5.00318
0.49000;	5.00339
0.52500;	5.00345
0.53000;	5.00353
0.53500;	5.00393
0.54000;	5.00444
0.55000;	5.0048
0.55500;	5.00615
0.56000;	5.00786
0.56500;	5.01302
0.57000;	5.01403
0.57500;	5.01756
0.58000;	5.30168
0.58500;	6.00173
0.60000;	6.00195
0.60500;	6.00339
0.61000;	6.00351
0.61500;	6.00363
0.62000;	6.00388
0.62500;	6.00418
0.63500;	6.00572
0.64000;	6.00601
0.64500;	6.00867
0.65000;	6.00889
0.65500;	6.01114
0.66000;	6.01159
0.66500;	6.02141
0.67000;	6.03114
0.67500;	6.96963
0.68000;	7.00346
0.69000;	7.00515
0.69500;	7.00562
0.70500;	7.00806
0.71000;	7.00858
0.71500;	7.01621
0.72000;	7.01837
0.72500;	7.02124
0.73000;	7.02447
0.73500;	7.4086
0.74000;	8.00362
0.74500;	8.0038
0.75000;	8.00447
0.75500;	8.00528
0.76500;	8.00769
0.77000;	8.00774
0.77500;	8.00871
0.78000;	8.01341
0.79500;	8.01436
0.80000;	8.11352
0.80500;	8.18373
0.81000;	8.25111
0.81500;	8.28978
0.82000;	8.65403
0.82500;	8.9835
0.83000;	9.02415
0.84500;	9.03106
0.85000;	9.05013
0.85500;	9.19071
0.86000;	10.01359
0.86500;	10.01878
0.87000;	10.02011
0.87500;	10.02045
0.88000;	10.02566
0.88500;	10.03459
0.89000;	10.25893
0.89500;	10.86569
0.90000;	11.0455
0.90500;	11.14095
0.91000;	12.0289
0.91500;	12.04118
0.92000;	12.42965
0.92500;	12.55647
0.93000;	13.03532
0.93500;	13.06836
0.94000;	17.07001
0.94500;	20.3793
0.95000;	20.80915
0.95500;	28.73272
0.96000;	29.10914
0.96500;	30.44192
0.97000;	36.30529
0.97500;	49.27313
0.98000;	54.3345
0.98500;	54.42468
0.99500;	56.16395
1.00000;	56.48247

=========================

===== MiB loaded (YouTube + T-Mobile (DE)) =====
0.00216;	1.15608
0.00866;	1.7946
0.01732;	2.17452
0.02381;	3.00077
0.02814;	3.55605
0.03247;	4.00207
0.03680;	4.22207
0.04113;	4.49159
0.04545;	5.00086
0.04978;	5.00206
0.05411;	5.00339
0.06061;	5.00471
0.06494;	5.00511
0.06926;	5.0064
0.07576;	5.00681
0.08009;	5.00842
0.08442;	5.00942
0.08874;	5.01217
0.09307;	5.01507
0.09740;	5.01658
0.10173;	5.02101
0.10606;	5.0313
0.11255;	5.04566
0.11688;	5.08145
0.12121;	6.00336
0.12771;	6.00484
0.13420;	6.00738
0.14069;	6.01115
0.14502;	6.01404
0.14935;	6.02331
0.15368;	6.02629
0.15801;	6.04421
0.16234;	6.08288
0.16667;	6.20793
0.17100;	7.00417
0.17532;	7.00526
0.17965;	7.00642
0.18398;	7.0076
0.18831;	7.00784
0.19264;	7.00913
0.19697;	7.01154
0.20130;	7.01217
0.20563;	7.014
0.20996;	7.01514
0.21645;	7.01674
0.22078;	7.01851
0.22727;	7.01938
0.23160;	7.02126
0.23593;	7.02263
0.24026;	7.02588
0.24459;	7.02911
0.25108;	7.03589
0.25758;	7.03741
0.26190;	7.04791
0.26623;	7.06102
0.27489;	7.08962
0.27922;	7.24835
0.28355;	8.0054
0.29004;	8.00652
0.29437;	8.00917
0.30087;	8.01035
0.30519;	8.01139
0.30952;	8.01143
0.31385;	8.01244
0.31818;	8.01336
0.32468;	8.0159
0.32900;	8.0185
0.33333;	8.02155
0.33766;	8.02304
0.34416;	8.02509
0.35065;	8.02632
0.35498;	8.02905
0.35931;	8.03438
0.36364;	8.04102
0.36797;	8.04717
0.37446;	8.04914
0.37879;	8.06206
0.38312;	8.0858
0.38745;	9.00884
0.39394;	9.00954
0.40043;	9.01273
0.40476;	9.0157
0.40909;	9.01611
0.41342;	9.01641
0.41775;	9.01746
0.42208;	9.01958
0.42857;	9.02031
0.43506;	9.02133
0.44156;	9.02564
0.44805;	9.02828
0.45238;	9.02899
0.45671;	9.04132
0.46104;	9.04653
0.46537;	9.04852
0.46970;	9.05831
0.47619;	9.0802
0.48052;	9.10921
0.48485;	9.23675
0.48918;	9.8882
0.49351;	10.01454
0.50000;	10.01645
0.50433;	10.0177
0.50866;	10.02036
0.51299;	10.02347
0.51732;	10.02604
0.52165;	10.02769
0.52597;	10.03202
0.53030;	10.03513
0.53463;	10.03667
0.53896;	10.03957
0.54329;	10.04501
0.54978;	10.04876
0.55628;	10.07022
0.56277;	10.07369
0.56710;	10.13637
0.57143;	11.0109
0.57792;	11.02152
0.58225;	11.03021
0.58658;	11.03481
0.59307;	11.03689
0.59740;	11.03987
0.60173;	11.04222
0.60606;	11.0439
0.61472;	11.05189
0.61905;	11.05532
0.62338;	11.0595
0.62987;	11.06968
0.63853;	11.0802
0.64502;	11.09629
0.65152;	11.3857
0.65584;	12.02137
0.66017;	12.03084
0.66450;	12.03668
0.66883;	12.04064
0.67316;	12.04315
0.67749;	12.0498
0.68182;	12.05457
0.68615;	12.07828
0.69481;	12.0869
0.69913;	12.10514
0.70346;	12.13733
0.70996;	13.01166
0.71429;	13.03056
0.71861;	13.03602
0.72294;	13.04095
0.73160;	13.0463
0.73593;	13.05723
0.74026;	13.06282
0.74459;	13.06587
0.74892;	13.07306
0.75541;	13.08827
0.75974;	13.09636
0.76407;	13.12538
0.76840;	13.17436
0.77273;	13.69083
0.77922;	14.04352
0.78355;	14.04535
0.79004;	14.05707
0.79437;	14.06623
0.79870;	14.07664
0.80303;	14.0891
0.80736;	14.10624
0.81169;	14.12158
0.81602;	14.12539
0.82035;	14.16708
0.82468;	15.0567
0.82900;	15.0603
0.83333;	15.11612
0.83983;	15.28075
0.84416;	16.06512
0.85065;	16.08609
0.85498;	16.11977
0.85931;	17.0528
0.86364;	17.07975
0.86797;	17.09687
0.87229;	17.10958
0.87662;	17.13472
0.88095;	17.14973
0.88528;	17.16602
0.88961;	17.23567
0.89394;	18.09001
0.89827;	18.24804
0.90260;	19.28387
0.90693;	20.10233
0.91342;	20.19872
0.91775;	20.48408
0.92208;	21.34291
0.92641;	22.12574
0.93074;	22.23777
0.93506;	22.29109
0.94156;	23.13848
0.94805;	23.26608
0.95238;	24.16172
0.95671;	24.28096
0.96104;	24.47095
0.96537;	25.21734
0.96970;	26.14548
0.97403;	26.21165
0.97835;	26.42022
0.98268;	27.25981
0.98918;	27.60008
0.99351;	29.75732
0.99784;	42.85469

=========================

===== MiB loaded (YouTube + o2 (DE)) =====
0.00109;	0.26829
0.00762;	1.21634
0.01197;	1.68813
0.01741;	1.7946
0.02176;	2.0002
0.02612;	2.16055
0.03156;	2.37755
0.03591;	3.00048
0.04135;	3.01678
0.04570;	3.09182
0.05114;	3.53212
0.05550;	3.95418
0.05985;	4.00098
0.06420;	4.01116
0.06855;	4.37183
0.07291;	4.89614
0.07835;	5.00126
0.08270;	5.00238
0.08705;	5.00373
0.09140;	5.00478
0.09576;	5.00942
0.10011;	5.01219
0.10555;	5.01408
0.11099;	5.04366
0.11534;	5.08033
0.11970;	5.17418
0.12514;	5.25856
0.12949;	5.55674
0.13384;	5.94411
0.13928;	6.00336
0.14363;	6.00484
0.14799;	6.00568
0.15234;	6.0097
0.15669;	6.01173
0.16104;	6.01404
0.16540;	6.02629
0.16975;	6.02766
0.17410;	6.0389
0.17845;	6.06462
0.18281;	6.16523
0.18716;	6.31087
0.19151;	6.61236
0.19587;	7.00145
0.20239;	7.00392
0.20783;	7.00481
0.21328;	7.00613
0.21763;	7.00796
0.22198;	7.00913
0.22633;	7.01026
0.23069;	7.01231
0.23504;	7.01287
0.23939;	7.01792
0.24374;	7.01967
0.24918;	7.02061
0.25354;	7.02157
0.25789;	7.02379
0.26224;	7.02601
0.26659;	7.02814
0.27095;	7.03538
0.27530;	7.03997
0.27965;	7.04419
0.28400;	7.05767
0.28836;	7.07857
0.29271;	7.1072
0.29815;	7.26687
0.30250;	7.51088
0.30686;	7.97241
0.31121;	8.00774
0.31665;	8.00926
0.32100;	8.01066
0.32753;	8.01235
0.33406;	8.01434
0.33950;	8.01562
0.34603;	8.0161
0.35038;	8.01784
0.35582;	8.01882
0.36017;	8.02093
0.36561;	8.02371
0.36997;	8.027
0.37432;	8.03043
0.37867;	8.03608
0.38411;	8.04797
0.38847;	8.05341
0.39282;	8.08516
0.39717;	8.24422
0.40370;	8.46763
0.40805;	9.00614
0.41240;	9.01163
0.41676;	9.01328
0.42220;	9.01528
0.42764;	9.01641
0.43199;	9.01958
0.43634;	9.02031
0.44070;	9.02219
0.44614;	9.02356
0.45158;	9.02568
0.45593;	9.02992
0.46028;	9.03208
0.46464;	9.03682
0.46899;	9.03879
0.47334;	9.04412
0.47769;	9.05282
0.48205;	9.06682
0.48640;	9.16318
0.49075;	10.00996
0.49510;	10.01615
0.50054;	10.01981
0.50490;	10.02345
0.50925;	10.02604
0.51360;	10.02994
0.51904;	10.03202
0.52339;	10.03998
0.52775;	10.04364
0.53210;	10.0479
0.53645;	10.05851
0.54189;	10.07337
0.54625;	10.08746
0.55060;	10.10244
0.55495;	10.63913
0.55930;	10.92292
0.56366;	11.01841
0.56910;	11.02104
0.57563;	11.03323
0.58107;	11.03973
0.58542;	11.04523
0.58977;	11.04868
0.59521;	11.05305
0.60174;	11.06738
0.60718;	11.0802
0.61153;	11.09749
0.61589;	11.69124
0.62024;	12.02309
0.62459;	12.02933
0.62894;	12.03668
0.63330;	12.03979
0.63765;	12.04584
0.64200;	12.05329
0.64635;	12.0604
0.65071;	12.07288
0.65506;	12.0869
0.65941;	12.0995
0.66376;	12.12865
0.66812;	12.50859
0.67247;	12.93656
0.67682;	13.02652
0.68118;	13.03642
0.68553;	13.04331
0.68988;	13.04847
0.69423;	13.05711
0.69859;	13.06437
0.70294;	13.07629
0.70729;	13.11386
0.71164;	13.16229
0.71600;	13.37719
0.72035;	14.04331
0.72579;	14.04928
0.73123;	14.05206
0.73558;	14.06305
0.73993;	14.07352
0.74429;	14.07893
0.74864;	14.0899
0.75299;	14.10074
0.75734;	14.11372
0.76170;	14.18927
0.76714;	14.34382
0.77149;	14.93784
0.77584;	15.0462
0.78020;	15.06647
0.78455;	15.06969
0.78890;	15.08664
0.79325;	15.11396
0.79761;	15.13174
0.80196;	15.19709
0.80631;	15.45451
0.81066;	16.06512
0.81502;	16.08051
0.82155;	16.09726
0.82590;	16.12114
0.83025;	16.39854
0.83460;	17.05533
0.83896;	17.09521
0.84331;	17.14819
0.84766;	17.24016
0.85201;	17.56022
0.85637;	18.10464
0.86072;	18.1388
0.86616;	18.35117
0.87051;	19.08777
0.87486;	19.1263
0.87922;	19.15378
0.88466;	20.00442
0.89010;	20.12923
0.89445;	20.17416
0.89880;	20.22823
0.90316;	20.2925
0.90751;	21.07311
0.91186;	21.15636
0.91621;	21.25522
0.92057;	22.14461
0.92492;	22.20511
0.93036;	22.30389
0.93471;	23.14641
0.93906;	23.2766
0.94342;	24.13064
0.94777;	24.19861
0.95212;	24.26922
0.95647;	24.34279
0.96083;	25.18118
0.96627;	25.28842
0.97062;	25.43218
0.97497;	26.26656
0.97933;	27.4142
0.98368;	29.11276
0.98912;	32.48242
0.99347;	36.47984
0.99782;	44.90724

=========================

===== MiB loaded (YouTube + Vodafone (DE)) =====
0.01205;	2.34027
0.02410;	4.00356
0.03614;	5.00275
0.04819;	5.00321
0.06024;	5.00329
0.07229;	5.00381
0.08434;	5.01707
0.09639;	5.16841
0.12048;	5.25856
0.13253;	5.42262
0.14458;	6.00531
0.15663;	6.01496
0.16867;	6.01783
0.18072;	6.01899
0.19277;	6.06649
0.20482;	7.0044
0.22892;	7.01405
0.24096;	7.01938
0.25301;	7.02024
0.26506;	7.02109
0.27711;	7.02391
0.28916;	7.05031
0.30120;	7.05307
0.32530;	7.19022
0.33735;	7.27922
0.34940;	7.56216
0.36145;	7.73014
0.37349;	8.00476
0.38554;	8.00842
0.39759;	8.01482
0.40964;	8.01928
0.42169;	8.02684
0.43373;	8.05682
0.44578;	8.52174
0.45783;	8.96597
0.46988;	9.01601
0.48193;	9.02193
0.49398;	9.02452
0.54217;	9.03682
0.55422;	9.03879
0.56627;	9.06602
0.57831;	9.06759
0.59036;	10.00816
0.60241;	10.02021
0.61446;	10.02275
0.62651;	10.02345
0.63855;	10.03376
0.65060;	10.04575
0.66265;	10.35078
0.67470;	11.02387
0.68675;	11.02935
0.69880;	11.02944
0.71084;	11.03863
0.72289;	11.05678
0.73494;	11.08427
0.74699;	11.08914
0.75904;	12.02031
0.77108;	12.02276
0.78313;	12.17191
0.79518;	12.3804
0.80723;	12.44345
0.81928;	13.04698
0.83133;	13.05328
0.84337;	13.06466
0.85542;	13.10036
0.86747;	14.08831
0.87952;	15.31538
0.89157;	15.40799
0.90361;	17.06901
0.91566;	17.07081
0.92771;	17.14529
0.93976;	19.09226
0.95181;	20.09293
0.97590;	30.46158
0.98795;	32.23611
1.00000;	43.83759

=========================

===== MiB loaded (YouTube + SIMPLE Mobile (US)) =====
0.00503;	1.91241
0.01005;	2.28445
0.02010;	2.57986
0.02513;	4.22982
0.03015;	5.00086
0.03518;	5.00341
0.04020;	5.00537
0.04523;	5.0084
0.05528;	5.00942
0.06030;	5.01164
0.06533;	5.01207
0.07035;	5.01671
0.08040;	5.02109
0.08543;	5.68982
0.09045;	6.00178
0.09548;	6.00357
0.12060;	6.00448
0.12563;	6.0063
0.13065;	6.00661
0.13568;	6.00714
0.14070;	6.01357
0.15075;	6.01924
0.15578;	6.02331
0.16080;	6.02655
0.16583;	6.031
0.17085;	6.05568
0.18090;	6.05738
0.18593;	6.18688
0.19095;	6.88454
0.19598;	7.00642
0.21106;	7.0069
0.21608;	7.00743
0.22613;	7.0076
0.24623;	7.00826
0.26131;	7.00842
0.26633;	7.01164
0.27136;	7.0117
0.27638;	7.01309
0.28141;	7.01558
0.29146;	7.01853
0.29648;	7.02168
0.30653;	7.02719
0.31156;	7.02738
0.33166;	7.02911
0.33668;	7.03109
0.34171;	7.04492
0.34673;	7.04824
0.35176;	7.05018
0.35678;	7.30002
0.36181;	8.00501
0.37688;	8.00599
0.38191;	8.00917
0.39698;	8.01016
0.40201;	8.01139
0.40704;	8.01244
0.42211;	8.01434
0.42714;	8.01576
0.43216;	8.01878
0.44221;	8.02354
0.45226;	8.0279
0.46231;	8.03362
0.46734;	8.08791
0.47236;	9.00954
0.47739;	9.01037
0.48241;	9.0121
0.48744;	9.01335
0.49246;	9.02012
0.49749;	9.02163
0.50251;	9.02692
0.51256;	9.02833
0.52261;	9.02846
0.52764;	9.02995
0.53266;	9.04176
0.53769;	9.04412
0.55276;	9.05067
0.56281;	9.05741
0.56784;	9.10921
0.57789;	10.01569
0.58291;	10.0158
0.58794;	10.02912
0.59296;	10.03957
0.60302;	10.04127
0.60804;	10.04691
0.61307;	10.04876
0.61809;	10.07022
0.62312;	10.10274
0.63317;	10.12234
0.63819;	11.01198
0.64322;	11.02152
0.64824;	11.02897
0.65327;	11.03768
0.65829;	11.03885
0.68342;	12.02579
0.68844;	12.03026
0.69347;	12.03619
0.70352;	12.04453
0.71859;	12.04676
0.72362;	12.04871
0.72864;	12.05929
0.73869;	12.0995
0.74372;	12.10251
0.75377;	13.02438
0.75879;	13.02751
0.76382;	13.02912
0.77387;	13.03268
0.77889;	13.04375
0.78392;	13.10464
0.78894;	14.04331
0.79899;	14.06674
0.80402;	14.09788
0.81407;	14.15495
0.81910;	15.04462
0.82412;	15.06124
0.83417;	15.06375
0.83920;	15.06573
0.86935;	15.17059
0.87437;	15.18899
0.88442;	16.049
0.88945;	16.06402
0.89950;	16.11455
0.90452;	17.05398
0.90955;	17.09218
0.91457;	17.56965
0.92965;	18.05903
0.93467;	18.24804
0.93970;	19.39515
0.94472;	20.10687
0.94975;	20.12025
0.95980;	22.1458
0.96985;	22.29109
0.97487;	22.34782
0.97990;	22.36261
0.98492;	25.40698
0.98995;	29.40049
0.99497;	30.41711
1.00000;	33.29485

=========================

