===== Startup Delay [s] (DTube + T-Mobile (DE)) =====
0.00429;	0.841
0.00858;	0.911
0.01288;	0.921
0.01717;	0.923
0.02146;	0.958
0.02575;	1.039
0.03004;	1.052
0.03433;	1.062
0.03863;	1.078
0.04292;	1.101
0.05150;	1.11
0.05579;	1.111
0.06009;	1.125
0.06438;	1.128
0.06867;	1.149
0.07296;	1.156
0.07725;	1.163
0.08155;	1.167
0.08584;	1.17
0.09013;	1.2
0.09442;	1.202
0.09871;	1.213
0.10300;	1.214
0.10730;	1.219
0.11159;	1.229
0.11588;	1.23
0.12017;	1.231
0.12446;	1.233
0.12876;	1.235
0.13305;	1.241
0.13734;	1.25
0.14592;	1.252
0.15021;	1.268
0.15451;	1.269
0.15880;	1.285
0.16309;	1.294
0.16738;	1.3
0.17167;	1.318
0.17597;	1.319
0.18026;	1.327
0.18455;	1.33
0.18884;	1.335
0.19313;	1.34
0.19742;	1.342
0.20172;	1.343
0.21030;	1.351
0.21459;	1.359
0.21888;	1.363
0.22318;	1.368
0.22747;	1.371
0.23605;	1.377
0.24464;	1.379
0.24893;	1.384
0.25322;	1.385
0.25751;	1.398
0.26180;	1.402
0.26609;	1.424
0.27039;	1.427
0.27468;	1.429
0.27897;	1.43
0.28326;	1.431
0.29185;	1.432
0.29614;	1.433
0.30043;	1.449
0.30472;	1.459
0.30901;	1.474
0.31330;	1.477
0.31760;	1.497
0.32189;	1.499
0.32618;	1.508
0.33047;	1.528
0.33476;	1.534
0.33906;	1.535
0.34335;	1.544
0.34764;	1.545
0.35193;	1.554
0.35622;	1.556
0.36052;	1.566
0.36481;	1.567
0.36910;	1.569
0.37339;	1.582
0.37768;	1.584
0.38197;	1.59
0.38627;	1.593
0.39056;	1.603
0.39485;	1.618
0.39914;	1.622
0.40343;	1.635
0.40773;	1.641
0.41202;	1.649
0.41631;	1.651
0.42060;	1.652
0.42489;	1.668
0.42918;	1.674
0.43348;	1.69
0.43777;	1.691
0.44206;	1.693
0.44635;	1.7
0.45064;	1.713
0.45494;	1.715
0.45923;	1.736
0.46352;	1.75
0.46781;	1.755
0.47210;	1.794
0.47639;	1.797
0.48069;	1.818
0.48498;	1.826
0.48927;	1.853
0.49356;	1.859
0.49785;	1.868
0.50215;	1.885
0.50644;	1.894
0.51073;	1.918
0.51502;	1.921
0.51931;	1.936
0.52361;	1.962
0.52790;	1.971
0.53219;	1.991
0.53648;	1.993
0.54077;	2.002
0.54506;	2.006
0.54936;	2.009
0.55365;	2.017
0.55794;	2.05
0.56223;	2.051
0.56652;	2.055
0.57082;	2.06
0.57511;	2.185
0.57940;	2.204
0.58369;	2.212
0.58798;	2.215
0.59227;	2.257
0.59657;	2.261
0.60086;	2.28
0.60515;	2.285
0.60944;	2.317
0.61373;	2.338
0.61803;	2.343
0.62232;	2.364
0.62661;	2.395
0.63090;	2.446
0.63519;	2.455
0.63948;	2.466
0.64378;	2.486
0.64807;	2.537
0.65236;	2.566
0.65665;	2.596
0.66094;	2.682
0.66524;	2.73
0.66953;	2.806
0.67382;	2.896
0.67811;	2.948
0.68240;	2.96
0.68670;	2.996
0.69099;	3.02
0.69528;	3.087
0.69957;	3.165
0.70386;	3.187
0.70815;	3.207
0.71245;	3.266
0.71674;	3.267
0.72103;	3.29
0.72532;	3.304
0.72961;	3.31
0.73391;	3.328
0.73820;	3.404
0.74249;	3.405
0.74678;	3.521
0.75107;	3.683
0.75536;	3.779
0.75966;	3.855
0.76395;	3.867
0.76824;	3.887
0.77253;	3.953
0.77682;	4.245
0.78112;	4.246
0.78541;	4.269
0.78970;	4.518
0.79399;	4.576
0.79828;	4.631
0.80258;	4.667
0.80687;	4.706
0.81116;	4.863
0.81545;	4.923
0.81974;	5.238
0.82403;	5.276
0.82833;	5.394
0.83262;	5.455
0.83691;	5.466
0.84120;	5.485
0.84549;	5.603
0.84979;	5.698
0.85408;	6.183
0.85837;	6.353
0.86266;	7.013
0.86695;	7.058
0.87124;	7.558
0.87554;	7.693
0.87983;	7.785
0.88412;	8.078
0.88841;	8.613
0.89270;	8.878
0.89700;	8.959
0.90129;	9.303
0.90558;	9.42
0.90987;	9.968
0.91416;	10.452
0.91845;	10.621
0.92275;	11.749
0.92704;	12.871
0.93133;	13.61
0.93562;	14.113
0.93991;	14.333
0.94421;	15.714
0.94850;	16.524
0.95279;	18.698
0.95708;	19.281
0.96137;	23.876
0.96567;	24.242
0.96996;	25.223
0.97425;	31.331
0.97854;	33.636
0.98283;	33.692
0.98712;	34.444
0.99142;	50.727
0.99571;	182.168
1.00000;	182.518

=========================

===== Startup Delay [s] (DTube + o2 (DE)) =====
0.00211;	0.732
0.00633;	0.819
0.01055;	0.857
0.01477;	0.909
0.01899;	0.923
0.02321;	0.936
0.02743;	0.943
0.03165;	0.955
0.03586;	0.968
0.04008;	0.972
0.04430;	0.994
0.04852;	1.004
0.05274;	1.028
0.05696;	1.05
0.06118;	1.064
0.06540;	1.078
0.07173;	1.091
0.07595;	1.1
0.08017;	1.108
0.08439;	1.111
0.08861;	1.115
0.09283;	1.124
0.09705;	1.129
0.10127;	1.147
0.10759;	1.154
0.11181;	1.156
0.11603;	1.162
0.12025;	1.167
0.12447;	1.171
0.13291;	1.175
0.13924;	1.187
0.14346;	1.198
0.14768;	1.212
0.15401;	1.228
0.15823;	1.24
0.16245;	1.242
0.16667;	1.259
0.17089;	1.264
0.17511;	1.27
0.17932;	1.277
0.18354;	1.281
0.18776;	1.291
0.19409;	1.305
0.20253;	1.312
0.20675;	1.323
0.21097;	1.338
0.21730;	1.342
0.22152;	1.345
0.22574;	1.364
0.22996;	1.367
0.23629;	1.379
0.24262;	1.386
0.24684;	1.399
0.25105;	1.411
0.25527;	1.422
0.25949;	1.431
0.26371;	1.45
0.26793;	1.453
0.27215;	1.458
0.27637;	1.465
0.28059;	1.486
0.28481;	1.488
0.28903;	1.493
0.29325;	1.508
0.29747;	1.518
0.30169;	1.521
0.30802;	1.535
0.31224;	1.542
0.31646;	1.551
0.32068;	1.572
0.32700;	1.579
0.33122;	1.584
0.33544;	1.591
0.33966;	1.621
0.34388;	1.63
0.34810;	1.634
0.35232;	1.638
0.35654;	1.642
0.36076;	1.657
0.36498;	1.667
0.36920;	1.675
0.37342;	1.691
0.37764;	1.7
0.38186;	1.705
0.38608;	1.711
0.39030;	1.717
0.39662;	1.737
0.40084;	1.762
0.40506;	1.767
0.40928;	1.79
0.41350;	1.806
0.41983;	1.823
0.42405;	1.843
0.42827;	1.861
0.43460;	1.879
0.43882;	1.897
0.44304;	1.906
0.44726;	1.913
0.45359;	1.947
0.45781;	1.964
0.46414;	1.975
0.46835;	2.001
0.47257;	2.018
0.47679;	2.063
0.48101;	2.069
0.48523;	2.13
0.48945;	2.138
0.49367;	2.158
0.49789;	2.176
0.50211;	2.18
0.50633;	2.192
0.51055;	2.254
0.51477;	2.291
0.51899;	2.335
0.52321;	2.363
0.52743;	2.393
0.53165;	2.416
0.53586;	2.448
0.54008;	2.457
0.54430;	2.533
0.54852;	2.554
0.55485;	2.59
0.55907;	2.617
0.56540;	2.688
0.56962;	2.698
0.57384;	2.715
0.57806;	2.744
0.58228;	2.78
0.58650;	2.828
0.59072;	2.885
0.59494;	2.899
0.60127;	2.922
0.60549;	2.944
0.60970;	2.97
0.61392;	3.004
0.61814;	3.061
0.62236;	3.126
0.62658;	3.154
0.63291;	3.192
0.63713;	3.211
0.64135;	3.234
0.64557;	3.253
0.64979;	3.277
0.65401;	3.383
0.65823;	3.431
0.66245;	3.443
0.66667;	3.498
0.67089;	3.513
0.67511;	3.54
0.67932;	3.593
0.68354;	3.607
0.68776;	3.658
0.69198;	3.712
0.69620;	3.768
0.70042;	3.821
0.70464;	3.849
0.70886;	3.947
0.71308;	4.003
0.71730;	4.182
0.72152;	4.273
0.72574;	4.318
0.72996;	4.403
0.73418;	4.427
0.73840;	4.467
0.74262;	4.516
0.74684;	4.536
0.75105;	4.575
0.75527;	4.672
0.75949;	4.69
0.76371;	4.711
0.76793;	4.737
0.77215;	4.752
0.77637;	4.76
0.78059;	4.809
0.78481;	4.859
0.78903;	5.097
0.79325;	5.139
0.79747;	5.241
0.80169;	5.317
0.80591;	5.348
0.81013;	5.372
0.81435;	5.506
0.81857;	5.612
0.82278;	5.719
0.82700;	5.805
0.83122;	5.924
0.83544;	5.969
0.83966;	6.121
0.84388;	6.213
0.84810;	6.389
0.85232;	6.56
0.85654;	6.941
0.86076;	7.039
0.86498;	7.223
0.86920;	7.539
0.87342;	7.647
0.87764;	7.938
0.88186;	8.041
0.88608;	8.295
0.89030;	8.596
0.89451;	8.958
0.89873;	9.253
0.90295;	9.709
0.90717;	10.034
0.91139;	10.089
0.91561;	10.345
0.91983;	10.943
0.92405;	11.072
0.92827;	12.398
0.93249;	12.492
0.93671;	13.552
0.94093;	13.96
0.94515;	14.708
0.94937;	15.253
0.95359;	16.503
0.95781;	17.347
0.96203;	18.174
0.96624;	19.547
0.97046;	22.518
0.97468;	26.294
0.97890;	28.139
0.98312;	28.458
0.98734;	37.558
0.99156;	54.648
0.99578;	185.174
1.00000;	286.047

=========================

===== Startup Delay [s] (DTube + Vodafone (DE)) =====
0.01149;	1.167
0.02299;	1.202
0.03448;	1.322
0.04598;	1.336
0.05747;	1.339
0.06897;	1.34
0.09195;	1.343
0.10345;	1.346
0.11494;	1.419
0.12644;	1.454
0.13793;	1.46
0.14943;	1.466
0.16092;	1.471
0.17241;	1.475
0.18391;	1.483
0.19540;	1.516
0.20690;	1.55
0.21839;	1.554
0.24138;	1.58
0.25287;	1.59
0.26437;	1.592
0.27586;	1.603
0.28736;	1.613
0.29885;	1.624
0.31034;	1.633
0.32184;	1.64
0.33333;	1.682
0.34483;	1.688
0.35632;	1.694
0.36782;	1.735
0.37931;	1.771
0.39080;	1.779
0.40230;	1.788
0.41379;	1.8
0.42529;	1.825
0.43678;	1.839
0.44828;	1.845
0.45977;	1.885
0.47126;	1.945
0.48276;	1.955
0.49425;	1.978
0.50575;	2.003
0.51724;	2.029
0.52874;	2.051
0.54023;	2.062
0.55172;	2.066
0.56322;	2.067
0.57471;	2.07
0.58621;	2.078
0.59770;	2.114
0.60920;	2.155
0.62069;	2.162
0.63218;	2.185
0.64368;	2.211
0.65517;	2.218
0.66667;	2.268
0.67816;	2.331
0.68966;	2.375
0.70115;	2.377
0.71264;	2.491
0.72414;	2.668
0.73563;	2.85
0.74713;	2.97
0.75862;	3.161
0.77011;	3.167
0.78161;	3.318
0.79310;	3.5
0.80460;	3.585
0.81609;	3.59
0.82759;	3.668
0.83908;	3.682
0.85057;	3.686
0.86207;	4.073
0.87356;	4.627
0.88506;	4.87
0.89655;	5.008
0.90805;	6.556
0.91954;	7.994
0.93103;	9.515
0.94253;	12.106
0.95402;	12.293
0.96552;	12.991
0.97701;	14.573
0.98851;	15.23
1.00000;	18.229

=========================

===== Startup Delay [s] (DTube + SIMPLE Mobile (US)) =====
0.00500;	2.55
0.01000;	2.811
0.01500;	2.866
0.02000;	2.976
0.02500;	2.98
0.03000;	3.014
0.03500;	3.149
0.04000;	3.196
0.04500;	3.248
0.05000;	3.332
0.05500;	3.349
0.06000;	3.432
0.06500;	3.69
0.07000;	3.762
0.07500;	3.837
0.08000;	3.903
0.08500;	4.042
0.09000;	4.05
0.09500;	4.068
0.10000;	4.084
0.10500;	4.089
0.11000;	4.096
0.11500;	4.172
0.12000;	4.175
0.12500;	4.189
0.13000;	4.224
0.13500;	4.252
0.14000;	4.384
0.14500;	4.398
0.15000;	4.4
0.15500;	4.436
0.16000;	4.443
0.16500;	4.462
0.17000;	4.465
0.17500;	4.473
0.18000;	4.479
0.18500;	4.528
0.19000;	4.533
0.19500;	4.544
0.20000;	4.545
0.20500;	4.637
0.21000;	4.692
0.21500;	4.733
0.22000;	4.742
0.22500;	4.76
0.23000;	4.78
0.23500;	4.784
0.24000;	4.793
0.24500;	4.859
0.25000;	4.972
0.25500;	5.012
0.26000;	5.059
0.26500;	5.097
0.27000;	5.108
0.27500;	5.116
0.28000;	5.137
0.28500;	5.279
0.29000;	5.412
0.29500;	5.413
0.30000;	5.417
0.30500;	5.429
0.31000;	5.444
0.31500;	5.451
0.32000;	5.452
0.33000;	5.501
0.33500;	5.553
0.34000;	5.603
0.34500;	5.677
0.35000;	5.712
0.35500;	5.737
0.36000;	5.742
0.36500;	5.744
0.37000;	5.749
0.37500;	5.755
0.38000;	5.762
0.38500;	5.829
0.39000;	5.899
0.39500;	5.965
0.40000;	6.047
0.40500;	6.052
0.41000;	6.065
0.41500;	6.133
0.42000;	6.291
0.42500;	6.302
0.43000;	6.372
0.43500;	6.381
0.44000;	6.395
0.44500;	6.396
0.45000;	6.617
0.45500;	6.673
0.46000;	6.709
0.46500;	6.71
0.47000;	6.732
0.47500;	7.027
0.48000;	7.046
0.48500;	7.071
0.49000;	7.362
0.49500;	7.375
0.50000;	7.382
0.50500;	7.411
0.51000;	7.418
0.51500;	7.44
0.52000;	7.452
0.52500;	7.475
0.53000;	7.609
0.53500;	7.666
0.54000;	7.68
0.54500;	7.695
0.55000;	7.708
0.55500;	7.712
0.56000;	7.738
0.56500;	7.758
0.57000;	7.823
0.57500;	7.906
0.58000;	7.923
0.58500;	7.975
0.59500;	7.981
0.60000;	7.988
0.60500;	8.01
0.61000;	8.018
0.61500;	8.18
0.62000;	8.211
0.62500;	8.226
0.63000;	8.227
0.63500;	8.291
0.64000;	8.312
0.64500;	8.429
0.65000;	8.538
0.65500;	8.548
0.66000;	8.607
0.66500;	8.609
0.67000;	8.61
0.67500;	8.626
0.68000;	8.631
0.68500;	8.632
0.69000;	8.791
0.70000;	8.939
0.70500;	8.954
0.71000;	9.009
0.71500;	9.066
0.72000;	9.255
0.72500;	9.273
0.73000;	9.359
0.73500;	9.415
0.74000;	9.462
0.74500;	9.589
0.75000;	9.811
0.75500;	9.895
0.76000;	10.231
0.76500;	10.233
0.77000;	10.366
0.77500;	10.721
0.78000;	10.813
0.78500;	10.84
0.79000;	10.861
0.79500;	10.882
0.80000;	10.937
0.80500;	11.016
0.81000;	11.058
0.81500;	11.112
0.82500;	11.184
0.83000;	11.256
0.83500;	11.491
0.84000;	11.519
0.84500;	11.562
0.85000;	11.59
0.85500;	11.78
0.86000;	11.826
0.86500;	12.019
0.87000;	12.1
0.87500;	12.14
0.88000;	12.144
0.88500;	12.451
0.89000;	12.469
0.89500;	12.535
0.90000;	12.783
0.90500;	12.8
0.91000;	12.917
0.91500;	13.136
0.92000;	13.41
0.92500;	13.416
0.93000;	13.42
0.93500;	13.531
0.94000;	13.758
0.94500;	13.87
0.95000;	14.128
0.95500;	14.182
0.96000;	14.388
0.96500;	14.673
0.97000;	14.973
0.97500;	16.129
0.98000;	17.489
0.98500;	18.033
0.99000;	18.178
0.99500;	19.2
1.00000;	26.863

=========================

===== Startup Delay [s] (YouTube + T-Mobile (DE)) =====
0.00216;	0.36
0.00433;	0.369
0.00649;	0.373
0.00866;	0.385
0.01082;	0.39
0.01299;	0.406
0.01732;	0.417
0.01948;	0.418
0.02165;	0.422
0.02381;	0.426
0.02597;	0.428
0.03030;	0.431
0.03463;	0.432
0.03680;	0.435
0.03896;	0.438
0.04113;	0.442
0.04329;	0.452
0.04545;	0.454
0.04762;	0.455
0.04978;	0.457
0.05195;	0.469
0.05411;	0.475
0.05628;	0.482
0.05844;	0.483
0.06061;	0.487
0.06277;	0.488
0.06494;	0.489
0.06926;	0.494
0.07359;	0.501
0.07792;	0.509
0.08009;	0.514
0.08225;	0.517
0.08442;	0.519
0.08658;	0.52
0.08874;	0.521
0.09091;	0.523
0.09307;	0.525
0.09524;	0.526
0.09740;	0.528
0.09957;	0.536
0.10173;	0.537
0.10390;	0.539
0.10823;	0.544
0.11039;	0.545
0.11255;	0.546
0.11472;	0.548
0.12121;	0.549
0.12338;	0.55
0.12554;	0.551
0.12771;	0.552
0.12987;	0.553
0.13420;	0.555
0.13636;	0.557
0.14069;	0.558
0.14502;	0.561
0.14935;	0.562
0.15801;	0.564
0.16017;	0.565
0.16234;	0.566
0.16450;	0.567
0.16667;	0.57
0.17100;	0.571
0.17316;	0.572
0.17749;	0.573
0.17965;	0.574
0.18182;	0.575
0.18398;	0.576
0.18615;	0.577
0.18831;	0.578
0.19048;	0.581
0.19264;	0.583
0.19697;	0.584
0.19913;	0.585
0.20130;	0.586
0.20563;	0.587
0.20779;	0.588
0.21212;	0.591
0.21429;	0.594
0.21645;	0.595
0.21861;	0.599
0.22078;	0.6
0.22294;	0.601
0.22727;	0.604
0.23377;	0.605
0.23593;	0.606
0.23810;	0.607
0.24026;	0.608
0.24242;	0.61
0.24459;	0.613
0.24892;	0.615
0.25108;	0.617
0.25325;	0.618
0.25758;	0.621
0.26407;	0.622
0.27056;	0.623
0.27489;	0.625
0.27706;	0.626
0.27922;	0.631
0.28139;	0.634
0.28355;	0.635
0.28571;	0.637
0.29221;	0.638
0.29437;	0.639
0.30303;	0.641
0.30736;	0.643
0.31169;	0.645
0.31385;	0.648
0.31818;	0.65
0.32035;	0.651
0.32251;	0.654
0.32468;	0.657
0.32684;	0.658
0.33117;	0.659
0.33333;	0.661
0.33550;	0.662
0.33983;	0.663
0.34416;	0.664
0.34632;	0.666
0.35065;	0.667
0.35281;	0.669
0.35498;	0.67
0.35714;	0.671
0.35931;	0.672
0.36147;	0.674
0.36364;	0.675
0.36580;	0.677
0.37229;	0.679
0.37446;	0.681
0.37662;	0.684
0.37879;	0.685
0.38095;	0.687
0.38528;	0.688
0.38745;	0.691
0.38961;	0.693
0.39177;	0.694
0.39394;	0.695
0.39827;	0.697
0.40476;	0.7
0.40909;	0.702
0.41126;	0.703
0.41342;	0.704
0.41558;	0.706
0.41775;	0.708
0.42208;	0.709
0.42424;	0.711
0.42641;	0.712
0.42857;	0.715
0.43074;	0.716
0.43290;	0.717
0.43506;	0.718
0.44156;	0.719
0.44372;	0.72
0.44589;	0.721
0.45022;	0.722
0.45238;	0.723
0.45455;	0.726
0.45671;	0.73
0.46104;	0.732
0.46320;	0.734
0.46537;	0.735
0.46970;	0.738
0.47186;	0.741
0.47403;	0.742
0.47619;	0.744
0.47835;	0.745
0.48052;	0.747
0.48918;	0.748
0.49134;	0.749
0.49351;	0.75
0.49567;	0.752
0.49784;	0.753
0.50000;	0.757
0.50216;	0.759
0.50433;	0.76
0.50866;	0.762
0.51299;	0.763
0.51732;	0.764
0.51948;	0.766
0.52597;	0.767
0.52814;	0.768
0.53030;	0.77
0.53247;	0.774
0.53463;	0.776
0.53680;	0.777
0.54113;	0.781
0.54329;	0.782
0.54545;	0.783
0.54762;	0.784
0.54978;	0.785
0.55411;	0.787
0.55628;	0.789
0.55844;	0.791
0.56061;	0.792
0.56494;	0.793
0.56710;	0.794
0.56926;	0.795
0.57143;	0.796
0.57359;	0.802
0.57576;	0.803
0.57792;	0.804
0.58009;	0.807
0.58225;	0.808
0.58442;	0.809
0.58658;	0.811
0.58874;	0.816
0.59091;	0.817
0.59307;	0.819
0.59524;	0.822
0.59740;	0.824
0.59957;	0.826
0.60173;	0.827
0.60390;	0.829
0.60606;	0.832
0.60823;	0.833
0.61039;	0.834
0.61255;	0.838
0.61472;	0.84
0.61905;	0.844
0.62121;	0.846
0.62338;	0.847
0.62771;	0.848
0.62987;	0.854
0.63203;	0.856
0.63420;	0.857
0.63636;	0.86
0.63853;	0.861
0.64286;	0.862
0.64502;	0.867
0.64719;	0.871
0.65152;	0.873
0.65368;	0.874
0.65584;	0.875
0.65801;	0.876
0.66017;	0.887
0.66234;	0.888
0.66450;	0.889
0.66667;	0.893
0.67100;	0.897
0.67316;	0.901
0.67532;	0.911
0.67749;	0.913
0.68182;	0.914
0.68398;	0.915
0.68615;	0.916
0.68831;	0.918
0.69048;	0.92
0.69264;	0.932
0.69481;	0.934
0.69697;	0.935
0.69913;	0.936
0.70130;	0.941
0.70346;	0.942
0.70779;	0.95
0.70996;	0.951
0.71212;	0.953
0.71429;	0.954
0.71645;	0.957
0.71861;	0.961
0.72294;	0.965
0.72511;	0.967
0.72727;	0.968
0.72944;	0.969
0.73160;	0.971
0.73593;	0.972
0.73810;	0.976
0.74026;	0.978
0.74459;	0.984
0.74675;	0.987
0.74892;	0.988
0.75108;	0.991
0.75325;	1.003
0.75541;	1.007
0.75758;	1.014
0.75974;	1.016
0.76190;	1.017
0.76623;	1.025
0.76840;	1.028
0.77056;	1.032
0.77273;	1.035
0.77489;	1.037
0.77706;	1.048
0.78355;	1.049
0.78571;	1.053
0.79004;	1.054
0.79221;	1.055
0.79437;	1.056
0.79654;	1.059
0.79870;	1.061
0.80087;	1.067
0.80303;	1.077
0.80519;	1.085
0.80736;	1.088
0.80952;	1.095
0.81169;	1.108
0.81385;	1.117
0.81602;	1.126
0.81818;	1.133
0.82035;	1.134
0.82251;	1.136
0.82468;	1.137
0.82684;	1.141
0.82900;	1.142
0.83117;	1.144
0.83333;	1.152
0.83550;	1.163
0.83766;	1.202
0.83983;	1.207
0.84199;	1.216
0.84416;	1.223
0.84632;	1.226
0.84848;	1.235
0.85065;	1.237
0.85281;	1.239
0.85714;	1.241
0.85931;	1.254
0.86147;	1.255
0.86364;	1.272
0.86580;	1.288
0.86797;	1.294
0.87013;	1.3
0.87229;	1.348
0.87446;	1.375
0.87662;	1.398
0.87879;	1.479
0.88095;	1.504
0.88312;	1.522
0.88528;	1.542
0.88745;	1.617
0.88961;	1.649
0.89177;	1.753
0.89394;	1.822
0.89610;	1.983
0.89827;	2.031
0.90043;	2.034
0.90260;	2.041
0.90476;	2.048
0.90693;	2.342
0.90909;	2.366
0.91126;	2.386
0.91342;	2.603
0.91558;	2.649
0.91775;	2.693
0.91991;	2.84
0.92208;	3.305
0.92424;	3.702
0.92641;	3.797
0.92857;	3.91
0.93074;	4.172
0.93290;	4.316
0.93506;	4.436
0.93723;	4.439
0.93939;	4.687
0.94156;	5.231
0.94372;	5.48
0.94589;	6.049
0.94805;	6.125
0.95022;	6.59
0.95238;	7.049
0.95455;	7.828
0.95671;	7.907
0.95887;	8.156
0.96104;	8.535
0.96320;	8.662
0.96537;	9.182
0.96753;	9.448
0.96970;	9.719
0.97186;	9.927
0.97403;	10.069
0.97619;	10.16
0.97835;	11.561
0.98052;	11.681
0.98268;	12.137
0.98485;	13.848
0.98701;	15.909
0.98918;	17.716
0.99134;	19.308
0.99351;	19.447
0.99567;	196.286
0.99784;	338.33
1.00000;	373.375

=========================

===== Startup Delay [s] (YouTube + o2 (DE)) =====
0.00109;	0.341
0.00435;	0.354
0.00762;	0.359
0.01088;	0.376
0.01415;	0.383
0.01741;	0.393
0.02067;	0.399
0.02503;	0.405
0.03156;	0.41
0.03482;	0.415
0.04026;	0.421
0.04461;	0.424
0.04897;	0.427
0.05223;	0.431
0.05985;	0.437
0.06420;	0.441
0.06964;	0.444
0.07399;	0.447
0.07943;	0.45
0.08596;	0.454
0.09358;	0.457
0.10011;	0.46
0.10446;	0.463
0.10773;	0.467
0.11425;	0.472
0.12078;	0.476
0.12622;	0.479
0.13058;	0.482
0.13602;	0.485
0.14146;	0.488
0.14472;	0.491
0.14799;	0.495
0.15343;	0.498
0.15778;	0.503
0.16104;	0.506
0.16866;	0.509
0.17410;	0.513
0.18281;	0.516
0.18825;	0.519
0.19260;	0.522
0.19804;	0.525
0.20675;	0.53
0.21219;	0.537
0.21872;	0.543
0.22416;	0.547
0.23286;	0.552
0.23830;	0.556
0.24266;	0.561
0.24810;	0.566
0.25245;	0.57
0.25789;	0.573
0.26224;	0.576
0.26768;	0.579
0.27312;	0.582
0.27856;	0.585
0.28400;	0.588
0.29380;	0.592
0.29815;	0.598
0.30468;	0.601
0.31338;	0.606
0.31774;	0.61
0.32427;	0.613
0.33079;	0.617
0.33841;	0.621
0.34820;	0.624
0.35473;	0.628
0.36017;	0.631
0.36670;	0.636
0.37323;	0.639
0.37758;	0.643
0.38085;	0.646
0.38629;	0.651
0.39173;	0.654
0.39499;	0.657
0.40261;	0.661
0.41023;	0.666
0.41676;	0.672
0.42002;	0.679
0.42764;	0.684
0.43526;	0.688
0.44070;	0.692
0.44831;	0.697
0.45267;	0.7
0.45811;	0.705
0.46246;	0.712
0.47008;	0.715
0.47552;	0.719
0.48096;	0.722
0.49075;	0.726
0.49510;	0.735
0.49837;	0.739
0.50163;	0.746
0.50707;	0.749
0.51360;	0.753
0.51687;	0.757
0.52013;	0.761
0.52666;	0.766
0.53101;	0.772
0.53428;	0.779
0.54189;	0.782
0.54625;	0.788
0.54951;	0.796
0.55822;	0.802
0.56257;	0.81
0.56910;	0.816
0.57345;	0.822
0.57671;	0.829
0.58107;	0.838
0.58433;	0.846
0.58868;	0.852
0.59521;	0.861
0.60174;	0.865
0.60501;	0.875
0.61153;	0.884
0.61589;	0.893
0.61915;	0.901
0.62242;	0.907
0.62677;	0.916
0.63003;	0.925
0.63330;	0.932
0.63656;	0.941
0.64091;	0.966
0.64527;	0.977
0.64853;	0.985
0.65397;	0.991
0.65724;	1.0
0.66159;	1.018
0.66594;	1.036
0.67029;	1.041
0.67356;	1.062
0.67682;	1.083
0.68226;	1.107
0.68553;	1.111
0.68879;	1.123
0.69314;	1.131
0.69750;	1.149
0.70076;	1.172
0.70511;	1.178
0.70838;	1.213
0.71164;	1.224
0.71491;	1.245
0.71817;	1.264
0.72144;	1.275
0.72579;	1.28
0.72905;	1.29
0.73232;	1.307
0.73558;	1.32
0.73885;	1.347
0.74320;	1.369
0.74646;	1.385
0.74973;	1.408
0.75299;	1.429
0.75626;	1.443
0.75952;	1.454
0.76279;	1.485
0.76605;	1.501
0.76931;	1.533
0.77258;	1.647
0.77584;	1.682
0.77911;	1.7
0.78237;	1.733
0.78564;	1.808
0.78890;	1.836
0.79217;	1.899
0.79543;	1.914
0.79869;	1.941
0.80196;	1.987
0.80522;	2.025
0.80849;	2.081
0.81175;	2.18
0.81502;	2.243
0.81828;	2.26
0.82155;	2.283
0.82481;	2.327
0.82807;	2.375
0.83134;	2.474
0.83460;	2.55
0.83787;	2.599
0.84113;	2.679
0.84440;	2.717
0.84766;	2.736
0.85092;	2.766
0.85419;	2.794
0.85745;	2.831
0.86072;	2.881
0.86398;	2.965
0.86725;	3.072
0.87051;	3.136
0.87486;	3.22
0.87813;	3.313
0.88248;	3.389
0.88575;	3.528
0.88901;	3.583
0.89227;	3.735
0.89554;	3.838
0.89880;	4.075
0.90207;	4.291
0.90533;	4.413
0.90860;	4.582
0.91186;	4.635
0.91513;	4.769
0.91839;	4.829
0.92165;	4.992
0.92492;	5.161
0.92818;	5.255
0.93145;	5.503
0.93471;	5.662
0.93798;	5.794
0.94124;	5.903
0.94450;	6.251
0.94777;	6.618
0.95103;	6.843
0.95430;	7.352
0.95756;	7.419
0.96083;	7.951
0.96409;	8.281
0.96736;	9.106
0.97062;	9.712
0.97388;	11.012
0.97715;	11.751
0.98041;	13.662
0.98368;	15.323
0.98694;	20.155
0.99021;	21.702
0.99347;	35.03
0.99674;	49.5
1.00000;	316.625

=========================

===== Startup Delay [s] (YouTube + Vodafone (DE)) =====
0.01205;	0.616
0.02410;	0.648
0.03614;	0.697
0.04819;	0.758
0.06024;	0.763
0.07229;	0.772
0.08434;	0.788
0.09639;	0.817
0.10843;	0.833
0.12048;	0.871
0.13253;	0.895
0.14458;	0.903
0.15663;	0.913
0.16867;	0.945
0.18072;	0.966
0.19277;	1.01
0.20482;	1.016
0.21687;	1.043
0.22892;	1.057
0.24096;	1.088
0.25301;	1.133
0.26506;	1.137
0.27711;	1.157
0.28916;	1.162
0.30120;	1.168
0.31325;	1.173
0.32530;	1.174
0.33735;	1.19
0.34940;	1.221
0.36145;	1.224
0.37349;	1.239
0.38554;	1.245
0.39759;	1.271
0.40964;	1.3
0.42169;	1.305
0.43373;	1.312
0.44578;	1.324
0.45783;	1.325
0.46988;	1.357
0.48193;	1.358
0.49398;	1.391
0.50602;	1.421
0.51807;	1.441
0.53012;	1.486
0.54217;	1.487
0.55422;	1.488
0.56627;	1.492
0.57831;	1.505
0.59036;	1.506
0.60241;	1.508
0.61446;	1.51
0.62651;	1.536
0.63855;	1.581
0.65060;	1.587
0.66265;	1.61
0.67470;	1.667
0.68675;	1.677
0.69880;	1.68
0.71084;	1.695
0.72289;	1.749
0.73494;	1.762
0.74699;	1.809
0.75904;	1.875
0.77108;	2.113
0.78313;	2.144
0.79518;	2.168
0.80723;	2.175
0.81928;	2.225
0.83133;	2.25
0.84337;	2.294
0.85542;	2.326
0.86747;	2.508
0.87952;	2.676
0.89157;	3.007
0.90361;	3.76
0.91566;	3.82
0.92771;	4.031
0.93976;	4.265
0.95181;	6.449
0.96386;	6.871
0.97590;	7.133
0.98795;	8.215
1.00000;	11.101

=========================

===== Startup Delay [s] (YouTube + SIMPLE Mobile (US)) =====
0.00503;	0.321
0.01005;	0.358
0.01508;	0.366
0.02010;	0.39
0.02513;	0.398
0.03015;	0.399
0.03518;	0.405
0.04020;	0.409
0.04523;	0.416
0.05025;	0.423
0.05528;	0.427
0.06030;	0.434
0.07035;	0.436
0.07538;	0.454
0.08040;	0.467
0.08543;	0.471
0.09045;	0.489
0.09548;	0.491
0.10050;	0.503
0.10553;	0.521
0.11055;	0.523
0.11558;	0.539
0.12060;	0.557
0.12563;	0.559
0.13065;	0.576
0.13568;	0.593
0.14070;	0.594
0.14573;	0.609
0.15075;	0.615
0.16080;	0.619
0.16583;	0.644
0.17085;	0.646
0.17588;	0.654
0.18090;	0.663
0.18593;	0.678
0.19095;	0.683
0.19598;	0.69
0.20101;	0.696
0.20603;	0.701
0.21106;	0.706
0.21608;	0.716
0.22111;	0.723
0.22613;	0.727
0.23116;	0.733
0.23618;	0.736
0.24121;	0.743
0.24623;	0.752
0.25126;	0.763
0.25628;	0.778
0.26131;	0.783
0.26633;	0.787
0.27136;	0.816
0.27638;	0.825
0.28141;	0.85
0.28643;	0.863
0.29146;	0.894
0.29648;	0.896
0.30653;	0.904
0.31658;	0.907
0.32161;	0.914
0.32663;	0.92
0.33166;	0.925
0.33668;	0.928
0.34171;	0.944
0.34673;	0.946
0.35176;	0.948
0.35678;	0.967
0.36181;	0.969
0.36683;	0.972
0.37186;	0.975
0.37688;	0.991
0.38191;	0.996
0.38693;	1.0
0.39196;	1.004
0.39698;	1.007
0.40201;	1.017
0.40704;	1.041
0.41206;	1.058
0.41709;	1.069
0.42211;	1.082
0.42714;	1.084
0.43216;	1.088
0.43719;	1.092
0.44221;	1.096
0.44724;	1.102
0.45226;	1.105
0.45729;	1.118
0.46231;	1.121
0.46734;	1.131
0.47236;	1.135
0.47739;	1.142
0.48241;	1.145
0.48744;	1.153
0.49246;	1.154
0.49749;	1.162
0.50754;	1.166
0.51256;	1.176
0.51759;	1.18
0.52261;	1.191
0.53266;	1.193
0.53769;	1.199
0.54271;	1.203
0.54774;	1.209
0.55276;	1.221
0.55779;	1.236
0.56281;	1.245
0.56784;	1.26
0.57286;	1.261
0.57789;	1.265
0.58291;	1.269
0.58794;	1.27
0.59296;	1.293
0.59799;	1.314
0.60302;	1.316
0.60804;	1.319
0.61307;	1.329
0.61809;	1.34
0.62312;	1.364
0.62814;	1.373
0.63317;	1.406
0.63819;	1.41
0.64322;	1.411
0.64824;	1.422
0.65327;	1.44
0.65829;	1.448
0.66332;	1.469
0.66834;	1.47
0.67337;	1.482
0.67839;	1.49
0.68342;	1.498
0.68844;	1.499
0.69849;	1.506
0.70352;	1.523
0.70854;	1.546
0.71357;	1.551
0.71859;	1.556
0.72362;	1.563
0.72864;	1.566
0.73367;	1.598
0.73869;	1.614
0.74372;	1.624
0.74874;	1.63
0.75377;	1.655
0.75879;	1.67
0.76382;	1.722
0.76884;	1.73
0.77387;	1.738
0.77889;	1.767
0.78392;	1.772
0.78894;	1.78
0.79397;	1.787
0.79899;	1.79
0.80402;	1.82
0.80905;	1.837
0.81407;	1.865
0.81910;	1.939
0.82412;	1.949
0.82915;	1.981
0.83417;	2.016
0.83920;	2.053
0.84422;	2.095
0.84925;	2.118
0.85427;	2.12
0.85930;	2.128
0.86432;	2.137
0.86935;	2.146
0.87437;	2.203
0.87940;	2.22
0.88442;	2.227
0.88945;	2.237
0.89447;	2.248
0.89950;	2.265
0.90452;	2.303
0.90955;	2.321
0.91457;	2.338
0.91960;	2.397
0.92462;	2.405
0.92965;	2.505
0.93467;	2.578
0.93970;	2.595
0.94472;	2.611
0.94975;	2.81
0.95477;	2.98
0.95980;	4.044
0.96482;	4.557
0.96985;	6.107
0.97487;	8.889
0.97990;	9.157
0.98492;	10.006
0.98995;	11.888
0.99497;	23.247
1.00000;	24.468

=========================

