===== TCP Connect Time [ms] (DTube + T-Mobile (DE)) =====
0.00429;	23
0.01717;	26
0.02575;	27
0.04721;	28
0.06009;	29
0.07725;	30
0.08584;	31
0.09442;	32
0.10300;	33
0.13305;	34
0.15451;	35
0.16309;	36
0.17167;	37
0.18455;	38
0.19313;	39
0.20172;	40
0.21030;	41
0.21888;	42
0.23176;	43
0.24464;	44
0.28326;	45
0.31330;	46
0.36052;	47
0.39914;	48
0.43348;	49
0.46352;	50
0.48498;	51
0.50215;	52
0.52361;	53
0.53219;	54
0.54506;	55
0.54936;	56
0.55794;	57
0.56652;	58
0.60515;	59
0.66953;	60
0.73820;	61
0.79828;	62
0.81116;	63
0.82833;	64
0.83691;	65
0.85837;	66
0.87124;	67
0.87983;	68
0.89270;	69
0.90558;	70
0.91416;	71
0.92704;	72
0.93991;	74
0.94850;	75
0.95279;	77
0.96137;	78
0.96567;	79
0.97425;	80
0.98283;	81
0.98712;	84
0.99142;	85
0.99571;	89
1.00000;	92

=========================

===== TCP Connect Time [ms] (DTube + o2 (DE)) =====
0.00422;	31
0.01266;	32
0.02954;	33
0.05907;	34
0.08439;	35
0.10759;	36
0.15401;	37
0.18776;	38
0.21308;	39
0.22996;	40
0.24262;	41
0.26160;	42
0.27848;	43
0.29114;	44
0.29958;	45
0.31435;	46
0.34177;	47
0.37553;	48
0.40717;	49
0.44093;	50
0.47257;	51
0.48945;	52
0.51688;	53
0.53586;	54
0.54641;	55
0.55696;	56
0.56751;	57
0.58650;	58
0.59705;	59
0.62025;	60
0.64135;	61
0.66034;	62
0.68143;	63
0.69409;	64
0.70886;	65
0.72363;	66
0.73840;	67
0.74473;	68
0.75527;	69
0.77004;	70
0.78692;	71
0.79114;	72
0.80169;	73
0.80802;	74
0.81435;	75
0.81857;	76
0.82489;	77
0.82700;	78
0.83544;	79
0.83755;	80
0.85232;	81
0.85865;	82
0.86076;	84
0.86498;	85
0.87131;	90
0.87342;	91
0.87975;	93
0.88397;	95
0.88608;	96
0.88819;	97
0.89241;	99
0.89451;	101
0.89662;	102
0.89873;	105
0.90084;	107
0.90295;	110
0.90717;	114
0.90928;	117
0.91350;	119
0.91561;	122
0.91983;	128
0.92194;	130
0.92405;	131
0.92616;	133
0.92827;	137
0.93038;	141
0.93249;	142
0.93460;	143
0.93671;	151
0.93882;	162
0.94093;	200
0.94304;	206
0.94515;	225
0.94937;	226
0.95148;	229
0.95359;	239
0.95570;	248
0.95781;	257
0.95992;	261
0.96203;	278
0.96414;	279
0.96624;	298
0.96835;	308
0.97046;	353
0.97257;	379
0.97468;	389
0.97679;	398
0.98101;	401
0.98312;	403
0.98523;	421
0.98734;	422
0.98945;	432
0.99156;	441
0.99367;	468
0.99578;	484
0.99789;	494
1.00000;	546

=========================

===== TCP Connect Time [ms] (DTube + Vodafone (DE)) =====
0.02299;	30
0.03448;	31
0.04598;	32
0.06897;	34
0.09195;	35
0.19540;	36
0.24138;	37
0.25287;	38
0.26437;	39
0.27586;	40
0.28736;	41
0.31034;	42
0.35632;	43
0.37931;	44
0.42529;	45
0.45977;	46
0.50575;	47
0.55172;	48
0.57471;	49
0.59770;	50
0.60920;	51
0.64368;	52
0.66667;	53
0.67816;	55
0.70115;	56
0.73563;	57
0.74713;	59
0.75862;	60
0.78161;	61
0.80460;	62
0.82759;	65
0.85057;	69
0.86207;	72
0.87356;	73
0.88506;	75
0.89655;	76
0.91954;	80
0.93103;	89
0.94253;	94
0.96552;	99
0.97701;	103
0.98851;	110
1.00000;	328

=========================

===== TCP Connect Time [ms] (DTube + SIMPLE Mobile (US)) =====
0.00500;	174
0.01000;	177
0.01500;	179
0.02000;	180
0.02500;	183
0.04000;	184
0.04500;	185
0.06000;	186
0.07000;	187
0.08500;	188
0.10000;	189
0.12000;	190
0.13500;	191
0.15000;	192
0.16500;	193
0.18000;	194
0.19500;	195
0.20000;	196
0.22500;	197
0.24500;	198
0.27500;	199
0.28000;	200
0.31000;	201
0.32000;	202
0.33000;	204
0.33500;	205
0.35500;	206
0.37000;	207
0.37500;	208
0.38000;	209
0.39500;	211
0.40000;	212
0.42000;	213
0.43000;	214
0.44500;	215
0.45000;	216
0.47500;	218
0.48500;	219
0.49000;	220
0.50000;	222
0.52000;	223
0.53500;	226
0.54000;	227
0.55000;	229
0.56000;	231
0.56500;	232
0.58000;	233
0.58500;	234
0.59000;	235
0.61000;	236
0.61500;	237
0.63000;	238
0.64500;	239
0.65000;	241
0.65500;	242
0.66500;	244
0.67000;	245
0.68000;	248
0.68500;	251
0.69000;	252
0.69500;	254
0.70000;	255
0.70500;	260
0.71500;	262
0.72000;	267
0.72500;	295
0.73000;	297
0.73500;	300
0.74000;	303
0.74500;	304
0.76000;	310
0.77000;	311
0.78000;	312
0.78500;	313
0.79500;	314
0.80500;	315
0.81500;	316
0.85500;	317
0.87000;	318
0.91000;	319
0.97000;	320
0.98500;	321
1.00000;	322

=========================

===== TCP Connect Time [ms] (YouTube + T-Mobile (DE)) =====
0.00649;	18
0.02381;	19
0.03463;	20
0.04113;	21
0.07143;	22
0.09091;	23
0.12121;	24
0.14935;	25
0.16450;	26
0.19264;	27
0.21429;	28
0.23160;	29
0.24242;	30
0.24675;	31
0.25758;	33
0.26840;	34
0.27922;	35
0.28571;	36
0.29437;	37
0.30736;	38
0.33766;	39
0.38961;	40
0.45022;	41
0.57359;	42
0.66450;	43
0.72078;	44
0.76407;	45
0.79004;	46
0.81169;	47
0.84199;	48
0.88312;	49
0.89394;	50
0.90693;	51
0.93074;	52
0.94589;	53
0.95022;	54
0.95887;	55
0.96753;	56
0.96970;	57
0.97619;	58
0.97835;	59
0.98052;	61
0.98485;	62
0.98918;	63
0.99134;	64
0.99351;	65
0.99567;	67
0.99784;	68
1.00000;	84

=========================

===== TCP Connect Time [ms] (YouTube + o2 (DE)) =====
0.00109;	17
0.00218;	18
0.03047;	19
0.07508;	20
0.11752;	21
0.18172;	22
0.24810;	23
0.31230;	24
0.35473;	25
0.38411;	26
0.40588;	27
0.42002;	28
0.43417;	29
0.45593;	30
0.48205;	31
0.50707;	32
0.52557;	33
0.54298;	34
0.55930;	35
0.57889;	36
0.59956;	37
0.62459;	38
0.65941;	39
0.71055;	40
0.73667;	41
0.74646;	42
0.75082;	43
0.75408;	44
0.76387;	45
0.77040;	46
0.77476;	47
0.78128;	48
0.78455;	49
0.79108;	50
0.79543;	51
0.79978;	52
0.80849;	53
0.81502;	54
0.82263;	55
0.82699;	56
0.83243;	57
0.83896;	59
0.84113;	60
0.84657;	61
0.85092;	62
0.85419;	63
0.85528;	64
0.85745;	65
0.85963;	66
0.86398;	68
0.86942;	69
0.87051;	70
0.87595;	71
0.87922;	72
0.88030;	73
0.88139;	74
0.88248;	76
0.88466;	78
0.89010;	79
0.89227;	80
0.89554;	81
0.89771;	82
0.89880;	83
0.90207;	84
0.90968;	85
0.91295;	87
0.91404;	88
0.91621;	89
0.92165;	90
0.92274;	91
0.92601;	92
0.92709;	93
0.93145;	94
0.93471;	95
0.93906;	96
0.94015;	97
0.94124;	100
0.94342;	102
0.94559;	103
0.94668;	104
0.94777;	105
0.94886;	106
0.94995;	109
0.95103;	110
0.95212;	112
0.95430;	113
0.95539;	117
0.95647;	126
0.95756;	130
0.95865;	133
0.96083;	135
0.96192;	139
0.96300;	148
0.96409;	149
0.96518;	151
0.96627;	154
0.96736;	157
0.96844;	177
0.96953;	178
0.97062;	194
0.97171;	208
0.97280;	209
0.97388;	217
0.97497;	219
0.97606;	229
0.97715;	236
0.97824;	237
0.97933;	241
0.98150;	244
0.98259;	254
0.98368;	273
0.98477;	276
0.98694;	288
0.98803;	289
0.98912;	292
0.99021;	295
0.99129;	309
0.99238;	328
0.99347;	339
0.99456;	393
0.99565;	394
0.99674;	444
0.99782;	453
0.99891;	465
1.00000;	1773

=========================

===== TCP Connect Time [ms] (YouTube + Vodafone (DE)) =====
0.01205;	29
0.03614;	31
0.06024;	32
0.08434;	34
0.09639;	35
0.12048;	36
0.18072;	37
0.20482;	38
0.24096;	39
0.30120;	40
0.31325;	43
0.32530;	44
0.37349;	47
0.40964;	49
0.44578;	50
0.48193;	51
0.49398;	52
0.51807;	53
0.57831;	54
0.60241;	55
0.67470;	56
0.71084;	57
0.74699;	58
0.75904;	59
0.77108;	60
0.78313;	61
0.79518;	62
0.83133;	63
0.84337;	64
0.86747;	66
0.87952;	68
0.89157;	70
0.90361;	71
0.91566;	73
0.92771;	78
0.95181;	80
0.96386;	82
0.97590;	90
0.98795;	118
1.00000;	195

=========================

===== TCP Connect Time [ms] (YouTube + SIMPLE Mobile (US)) =====
0.00503;	17
0.01005;	18
0.02513;	19
0.03518;	20
0.04020;	21
0.05528;	22
0.06030;	23
0.10050;	24
0.14573;	25
0.21608;	26
0.31658;	27
0.44221;	28
0.54774;	29
0.66834;	30
0.74874;	31
0.81910;	32
0.85427;	33
0.89447;	34
0.92965;	35
0.94975;	36
0.96482;	37
0.96985;	38
0.97990;	39
0.98492;	45
0.98995;	80
0.99497;	118
1.00000;	186

=========================

