===== Total Played Duration [s] (DTube + T-Mobile (DE)) =====
0.00429;	13.011
0.00858;	13.356
0.01288;	31.988
0.01717;	33.315
0.02146;	38.728
0.02575;	39.565
0.03004;	47.155
0.03433;	49.116
0.03863;	49.119
0.04292;	52.208
0.04721;	59.329
0.05150;	59.832
0.06009;	59.836
0.06438;	59.844
0.06867;	59.845
0.07725;	59.846
0.08155;	59.848
0.08584;	59.849
0.09442;	59.853
0.09871;	59.854
0.10730;	59.855
0.11159;	59.856
0.12017;	59.857
0.13305;	59.858
0.13734;	59.859
0.14592;	59.86
0.15880;	59.862
0.16309;	59.864
0.17167;	59.865
0.18026;	59.866
0.18884;	59.867
0.19313;	59.868
0.20172;	59.87
0.20601;	59.871
0.21459;	59.872
0.21888;	59.873
0.22318;	59.88
0.23176;	59.883
0.23605;	59.884
0.24034;	59.885
0.26609;	59.886
0.27897;	59.887
0.28326;	59.888
0.28755;	59.889
0.29185;	59.89
0.29614;	59.891
0.30043;	59.892
0.30472;	59.894
0.30901;	59.895
0.31330;	59.909
0.31760;	59.911
0.32618;	59.914
0.33047;	59.915
0.33476;	59.916
0.35193;	59.917
0.36052;	59.918
0.39914;	59.919
0.42918;	59.92
0.46352;	59.921
0.52361;	59.922
0.57082;	59.923
0.61373;	59.924
0.66524;	59.925
0.72961;	59.926
0.76824;	59.927
0.80258;	59.928
0.82833;	59.929
0.85837;	59.93
0.88412;	59.931
0.91416;	59.932
0.92704;	59.933
0.95708;	59.934
0.96137;	59.935
0.96567;	59.937
0.96996;	59.938
0.97425;	59.94
0.97854;	59.941
0.98712;	59.944
0.99142;	59.945
0.99571;	59.947
1.00000;	59.956

=========================

===== Total Played Duration [s] (DTube + o2 (DE)) =====
0.00211;	3.185
0.00422;	5.252
0.00633;	9.805
0.00844;	11.905
0.01055;	13.005
0.01266;	20.812
0.01477;	21.15
0.01688;	26.505
0.01899;	26.706
0.02110;	26.707
0.02321;	26.708
0.02532;	28.797
0.02743;	31.188
0.02954;	31.24
0.03165;	34.236
0.03376;	35.845
0.03586;	38.602
0.03797;	38.723
0.04008;	39.119
0.04219;	39.707
0.04430;	39.714
0.04641;	46.49
0.04852;	46.707
0.05063;	48.626
0.05274;	49.816
0.05485;	54.164
0.05696;	54.305
0.05907;	55.052
0.06118;	55.158
0.06329;	55.96
0.06540;	56.952
0.06751;	58.136
0.06962;	59.567
0.07173;	59.821
0.07384;	59.831
0.07595;	59.834
0.07806;	59.835
0.08017;	59.837
0.08439;	59.84
0.08650;	59.841
0.08861;	59.842
0.09072;	59.843
0.09283;	59.846
0.09705;	59.847
0.09916;	59.848
0.10127;	59.85
0.11814;	59.852
0.12025;	59.853
0.12447;	59.854
0.13080;	59.855
0.13713;	59.856
0.14557;	59.857
0.15612;	59.859
0.15823;	59.861
0.16245;	59.862
0.17511;	59.863
0.18565;	59.864
0.19620;	59.865
0.20253;	59.866
0.20886;	59.867
0.21097;	59.868
0.21308;	59.871
0.21519;	59.873
0.21730;	59.878
0.21941;	59.879
0.22785;	59.88
0.23207;	59.882
0.23840;	59.883
0.25105;	59.884
0.25738;	59.885
0.27215;	59.886
0.28059;	59.887
0.28903;	59.888
0.29536;	59.889
0.29958;	59.89
0.31013;	59.891
0.31646;	59.892
0.31857;	59.893
0.32068;	59.894
0.32489;	59.895
0.32700;	59.896
0.32911;	59.903
0.33122;	59.904
0.33333;	59.906
0.33755;	59.907
0.34177;	59.908
0.34810;	59.909
0.35654;	59.91
0.36287;	59.911
0.36920;	59.912
0.37553;	59.913
0.40084;	59.914
0.40928;	59.915
0.42827;	59.916
0.45992;	59.917
0.48312;	59.918
0.51477;	59.919
0.55485;	59.92
0.57806;	59.921
0.60970;	59.922
0.66456;	59.923
0.69198;	59.924
0.75316;	59.925
0.81857;	59.926
0.86076;	59.927
0.88186;	59.928
0.92616;	59.929
0.94937;	59.93
0.97257;	59.931
0.98523;	59.932
0.98734;	59.933
0.99367;	59.934
0.99789;	59.935
1.00000;	59.94

=========================

===== Total Played Duration [s] (DTube + Vodafone (DE)) =====
0.01149;	5.768
0.02299;	9.404
0.03448;	16.185
0.04598;	59.881
0.05747;	59.89
0.06897;	59.893
0.08046;	59.901
0.09195;	59.904
0.10345;	59.917
0.11494;	59.919
0.12644;	59.922
0.13793;	59.923
0.16092;	59.924
0.17241;	59.927
0.18391;	59.93
0.21839;	59.931
0.22989;	59.933
0.27586;	59.934
0.29885;	59.935
0.32184;	59.936
0.40230;	59.937
0.44828;	59.938
0.48276;	59.939
0.54023;	59.94
0.64368;	59.941
0.66667;	59.942
0.77011;	59.943
0.79310;	59.944
0.83908;	59.945
0.89655;	59.946
0.91954;	59.947
0.95402;	59.948
0.96552;	59.952
0.97701;	59.956
0.98851;	59.957
1.00000;	60.002

=========================

===== Total Played Duration [s] (DTube + SIMPLE Mobile (US)) =====
0.01000;	33.307
0.01500;	33.315
0.02000;	43.437
0.02500;	43.444
0.03000;	51.052
0.03500;	52.125
0.04000;	52.742
0.04500;	59.886
0.05000;	59.888
0.05500;	59.889
0.06000;	59.89
0.07000;	59.892
0.08000;	59.893
0.10000;	59.896
0.10500;	59.9
0.11000;	59.901
0.12500;	59.902
0.13000;	59.904
0.14000;	59.906
0.14500;	59.914
0.15000;	59.915
0.15500;	59.916
0.16500;	59.917
0.17000;	59.921
0.17500;	59.925
0.18000;	59.927
0.18500;	59.928
0.19500;	59.929
0.22000;	59.93
0.25000;	59.931
0.27000;	59.932
0.34000;	59.933
0.38500;	59.934
0.44000;	59.935
0.47500;	59.936
0.54500;	59.937
0.61000;	59.938
0.64000;	59.939
0.71000;	59.94
0.75000;	59.941
0.80500;	59.942
0.84500;	59.943
0.89000;	59.944
0.91000;	59.945
0.92500;	59.946
0.95500;	59.947
0.96500;	59.948
0.97000;	59.949
0.97500;	59.951
0.98000;	59.952
0.98500;	59.956
0.99000;	59.97
0.99500;	59.982
1.00000;	59.983

=========================

===== Total Played Duration [s] (YouTube + T-Mobile (DE)) =====
0.00216;	26.175
0.00433;	28.803
0.00649;	30.075
0.00866;	30.077
0.01082;	42.06
0.01299;	42.062
0.01515;	42.594
0.01732;	46.588
0.01948;	46.634
0.02165;	50.064
0.02381;	50.066
0.02597;	51.968
0.03030;	59.819
0.03247;	59.825
0.03680;	59.826
0.04113;	59.829
0.04545;	59.83
0.04762;	59.833
0.04978;	59.835
0.06061;	59.836
0.06277;	59.837
0.06926;	59.838
0.07576;	59.839
0.08442;	59.84
0.09307;	59.841
0.10606;	59.842
0.11039;	59.843
0.13203;	59.844
0.14502;	59.845
0.15584;	59.846
0.16667;	59.847
0.17532;	59.848
0.18615;	59.849
0.20130;	59.85
0.23160;	59.851
0.25758;	59.852
0.28571;	59.853
0.30519;	59.854
0.32035;	59.855
0.33766;	59.856
0.35931;	59.857
0.37229;	59.858
0.39827;	59.859
0.43074;	59.86
0.45671;	59.861
0.49134;	59.862
0.51948;	59.863
0.54978;	59.864
0.59091;	59.865
0.63636;	59.866
0.66883;	59.867
0.70130;	59.868
0.73377;	59.869
0.75974;	59.87
0.77489;	59.871
0.79221;	59.872
0.80952;	59.873
0.81818;	59.874
0.82468;	59.875
0.82900;	59.876
0.83117;	59.878
0.83333;	59.881
0.83550;	59.883
0.83766;	59.888
0.83983;	59.89
0.84632;	59.891
0.85281;	59.892
0.85714;	59.893
0.85931;	59.894
0.86147;	59.895
0.86364;	59.896
0.86580;	59.91
0.87013;	59.917
0.87662;	59.919
0.88095;	59.92
0.88528;	59.921
0.88745;	59.922
0.89177;	59.923
0.89827;	59.924
0.90909;	59.925
0.92641;	59.926
0.92857;	59.927
0.93939;	59.928
0.94589;	59.929
0.95455;	59.93
0.96104;	59.931
0.96537;	59.932
0.97186;	59.933
0.97835;	59.934
0.98485;	59.935
0.98918;	59.939
0.99351;	59.941
0.99567;	59.944
0.99784;	59.945
1.00000;	59.957

=========================

===== Total Played Duration [s] (YouTube + o2 (DE)) =====
0.00109;	2.778
0.00218;	9.136
0.00326;	9.402
0.00435;	9.908
0.00544;	10.204
0.00653;	13.122
0.00762;	13.562
0.00871;	13.819
0.00979;	13.822
0.01088;	13.824
0.01197;	16.235
0.01306;	16.816
0.01415;	17.489
0.01523;	18.19
0.01632;	19.695
0.01741;	20.629
0.01850;	20.888
0.01959;	22.855
0.02067;	24.485
0.02176;	24.709
0.02285;	26.939
0.02394;	27.068
0.02503;	29.918
0.02612;	30.006
0.02720;	30.354
0.02829;	31.051
0.02938;	32.194
0.03047;	32.893
0.03156;	33.055
0.03264;	36.969
0.03373;	36.97
0.03482;	37.045
0.03591;	37.064
0.03700;	38.03
0.03808;	38.621
0.03917;	39.619
0.04026;	40.523
0.04135;	42.056
0.04244;	42.171
0.04353;	42.653
0.04461;	42.776
0.04570;	43.497
0.04679;	43.545
0.04788;	44.542
0.04897;	45.122
0.05005;	45.534
0.05114;	46.304
0.05223;	46.585
0.05332;	47.074
0.05441;	48.576
0.05550;	48.706
0.05658;	49.339
0.05767;	49.949
0.05876;	50.069
0.05985;	50.843
0.06094;	51.688
0.06202;	52.412
0.06311;	52.964
0.06420;	53.17
0.06529;	53.229
0.06638;	53.522
0.06746;	53.759
0.06855;	54.007
0.06964;	54.282
0.07073;	54.417
0.07182;	54.786
0.07291;	55.243
0.07399;	55.294
0.07508;	55.53
0.07617;	55.709
0.07726;	55.81
0.07835;	55.965
0.07943;	55.984
0.08052;	56.541
0.08161;	56.619
0.08270;	56.665
0.08379;	57.017
0.08487;	59.74
0.08596;	59.8
0.08705;	59.807
0.08814;	59.822
0.08923;	59.824
0.09032;	59.825
0.09249;	59.826
0.09358;	59.827
0.09467;	59.828
0.09684;	59.83
0.09793;	59.831
0.10011;	59.832
0.10337;	59.833
0.10773;	59.834
0.10990;	59.835
0.11317;	59.836
0.11752;	59.837
0.11970;	59.838
0.12514;	59.839
0.12949;	59.84
0.13384;	59.841
0.14146;	59.842
0.14690;	59.843
0.15452;	59.844
0.15996;	59.845
0.17193;	59.846
0.18498;	59.847
0.19369;	59.848
0.20675;	59.849
0.21872;	59.85
0.22742;	59.851
0.24048;	59.852
0.26224;	59.853
0.28074;	59.854
0.29597;	59.855
0.32100;	59.856
0.34276;	59.857
0.37323;	59.858
0.39826;	59.859
0.43090;	59.86
0.46464;	59.861
0.48857;	59.862
0.51578;	59.863
0.54407;	59.864
0.58542;	59.865
0.61153;	59.866
0.63874;	59.867
0.65724;	59.868
0.67138;	59.869
0.68988;	59.87
0.69641;	59.871
0.70620;	59.872
0.71164;	59.873
0.71708;	59.874
0.72035;	59.88
0.72361;	59.881
0.72579;	59.882
0.72905;	59.883
0.73232;	59.884
0.73667;	59.885
0.74102;	59.886
0.74320;	59.887
0.74646;	59.888
0.74973;	59.889
0.75190;	59.89
0.75299;	59.891
0.75517;	59.892
0.75626;	59.893
0.75952;	59.894
0.76061;	59.898
0.76170;	59.899
0.76387;	59.906
0.76496;	59.907
0.76714;	59.909
0.77149;	59.911
0.77476;	59.912
0.77802;	59.913
0.78237;	59.914
0.78999;	59.915
0.79761;	59.916
0.80413;	59.917
0.81828;	59.918
0.82807;	59.919
0.84331;	59.92
0.86072;	59.921
0.87378;	59.922
0.88466;	59.923
0.90098;	59.924
0.91513;	59.925
0.93254;	59.926
0.94342;	59.927
0.95430;	59.928
0.96627;	59.929
0.97062;	59.93
0.97497;	59.931
0.98585;	59.932
0.99129;	59.933
0.99674;	59.934
0.99891;	59.935
1.00000;	59.936

=========================

===== Total Played Duration [s] (YouTube + Vodafone (DE)) =====
0.01205;	45.262
0.02410;	47.071
0.03614;	49.069
0.04819;	51.899
0.06024;	55.579
0.07229;	56.348
0.08434;	59.861
0.09639;	59.876
0.10843;	59.881
0.12048;	59.882
0.13253;	59.883
0.18072;	59.884
0.19277;	59.891
0.20482;	59.892
0.21687;	59.897
0.22892;	59.9
0.24096;	59.918
0.26506;	59.921
0.28916;	59.922
0.30120;	59.925
0.31325;	59.928
0.32530;	59.931
0.34940;	59.932
0.38554;	59.933
0.44578;	59.934
0.49398;	59.935
0.54217;	59.936
0.59036;	59.937
0.61446;	59.938
0.62651;	59.939
0.65060;	59.94
0.68675;	59.941
0.72289;	59.942
0.77108;	59.943
0.83133;	59.944
0.86747;	59.945
0.87952;	59.946
0.92771;	59.947
0.93976;	59.948
0.96386;	59.949
1.00000;	59.95

=========================

===== Total Played Duration [s] (YouTube + SIMPLE Mobile (US)) =====
0.00503;	29.586
0.01005;	29.591
0.01508;	30.075
0.02010;	32.724
0.02513;	40.557
0.03015;	51.078
0.03518;	59.817
0.04020;	59.821
0.04523;	59.851
0.05025;	59.859
0.06030;	59.863
0.06533;	59.866
0.07035;	59.868
0.07538;	59.869
0.08543;	59.87
0.09045;	59.871
0.10050;	59.872
0.11055;	59.873
0.12060;	59.874
0.13568;	59.875
0.15578;	59.877
0.17085;	59.879
0.18090;	59.88
0.18593;	59.882
0.23116;	59.883
0.26633;	59.884
0.29648;	59.885
0.33166;	59.886
0.35678;	59.887
0.38191;	59.888
0.38693;	59.889
0.41206;	59.89
0.43719;	59.891
0.45729;	59.892
0.48241;	59.893
0.51256;	59.894
0.52261;	59.895
0.53769;	59.896
0.56784;	59.897
0.58291;	59.898
0.60302;	59.899
0.60804;	59.901
0.62312;	59.902
0.63317;	59.904
0.63819;	59.906
0.64322;	59.912
0.65327;	59.913
0.66332;	59.914
0.67337;	59.917
0.67839;	59.92
0.68844;	59.922
0.69347;	59.924
0.69849;	59.928
0.70352;	59.929
0.71357;	59.931
0.71859;	59.932
0.72362;	59.933
0.73869;	59.935
0.75377;	59.936
0.78392;	59.937
0.81910;	59.938
0.84925;	59.939
0.86935;	59.94
0.89447;	59.941
0.91960;	59.942
0.92965;	59.944
0.93467;	59.945
0.94975;	59.946
0.96985;	59.947
0.97487;	59.948
0.98492;	59.949
0.98995;	59.95
0.99497;	59.953
1.00000;	59.954

=========================

