===== Traceroute RTT [ms] (DTube + T-Mobile (DE)) =====
0.06250;	44.0
0.18750;	64.0
0.25000;	70.0
0.31250;	86.0
0.37500;	106.0
0.43750;	136.0
0.50000;	268.0
0.56250;	280.0
0.62500;	306.0
0.68750;	320.0
0.75000;	332.0
0.81250;	348.0
0.87500;	356.0
0.93750;	372.0
1.00000;	400.0

=========================

===== Traceroute RTT [ms] (DTube + o2 (DE)) =====
0.00719;	50.0
0.01439;	52.0
0.02398;	54.0
0.03357;	56.0
0.04077;	58.0
0.04556;	60.0
0.05036;	62.0
0.05755;	64.0
0.06235;	66.0
0.06715;	68.0
0.07194;	70.0
0.07434;	72.0
0.08153;	74.0
0.08633;	76.0
0.09592;	78.0
0.10072;	80.0
0.10552;	82.0
0.11511;	84.0
0.12950;	88.0
0.13909;	90.0
0.15348;	92.0
0.15588;	94.0
0.16307;	96.0
0.16787;	98.0
0.17026;	100.0
0.17506;	102.0
0.18225;	104.0
0.18465;	106.0
0.19185;	108.0
0.20384;	110.0
0.20863;	112.0
0.21583;	114.0
0.22302;	118.0
0.23261;	120.0
0.23981;	122.0
0.24221;	124.0
0.24700;	126.0
0.25180;	128.0
0.25659;	130.0
0.25899;	132.0
0.26379;	136.0
0.26619;	138.0
0.27098;	140.0
0.27338;	148.0
0.27818;	152.0
0.28058;	156.0
0.28297;	158.0
0.28537;	166.0
0.28777;	170.0
0.29017;	174.0
0.29257;	304.0
0.29496;	326.0
0.29736;	328.0
0.30216;	330.0
0.30456;	332.0
0.30695;	334.0
0.30935;	336.0
0.31175;	338.0
0.31415;	340.0
0.31655;	342.0
0.32374;	344.0
0.33094;	346.0
0.33333;	348.0
0.34293;	350.0
0.34772;	352.0
0.35731;	354.0
0.36211;	356.0
0.36451;	358.0
0.37170;	360.0
0.37650;	362.0
0.38369;	364.0
0.39329;	366.0
0.39568;	370.0
0.40288;	372.0
0.41007;	374.0
0.41487;	376.0
0.41966;	378.0
0.42686;	380.0
0.42926;	382.0
0.44125;	384.0
0.44604;	386.0
0.45084;	388.0
0.45564;	390.0
0.46523;	394.0
0.47002;	396.0
0.47242;	398.0
0.47962;	400.0
0.48681;	402.0
0.49161;	404.0
0.49880;	406.0
0.50839;	408.0
0.51319;	410.0
0.52038;	412.0
0.52758;	414.0
0.53477;	416.0
0.54916;	418.0
0.55875;	420.0
0.56355;	422.0
0.57074;	424.0
0.57794;	426.0
0.58753;	428.0
0.59712;	430.0
0.61391;	432.0
0.61871;	434.0
0.62830;	436.0
0.63549;	438.0
0.64748;	440.0
0.65707;	442.0
0.66427;	444.0
0.67146;	446.0
0.68345;	448.0
0.69544;	450.0
0.69784;	454.0
0.70504;	456.0
0.71223;	458.0
0.71942;	460.0
0.72662;	462.0
0.72902;	464.0
0.73621;	466.0
0.74101;	468.0
0.75060;	470.0
0.75540;	472.0
0.76259;	474.0
0.76499;	476.0
0.77458;	480.0
0.77698;	484.0
0.77938;	486.0
0.78657;	488.0
0.79137;	490.0
0.79616;	494.0
0.79856;	498.0
0.80096;	502.0
0.80815;	504.0
0.81055;	510.0
0.81295;	512.0
0.81775;	514.0
0.82014;	516.0
0.82254;	520.0
0.82494;	522.0
0.82734;	524.0
0.82974;	526.0
0.83213;	530.0
0.83933;	532.0
0.84652;	536.0
0.84892;	540.0
0.85132;	542.0
0.85612;	548.0
0.85851;	550.0
0.86331;	554.0
0.86571;	562.0
0.86811;	566.0
0.87290;	574.0
0.87530;	582.0
0.87770;	584.0
0.88010;	586.0
0.88249;	588.0
0.88489;	590.0
0.88729;	600.0
0.89209;	606.0
0.89448;	622.0
0.89688;	626.0
0.89928;	708.0
0.90168;	734.0
0.90408;	784.0
0.90647;	814.0
0.90887;	900.0
0.91127;	902.0
0.91367;	1264.0
0.91607;	1352.0
0.91847;	1358.0
0.92086;	1360.0
0.92326;	1364.0
0.92566;	1408.0
0.92806;	1422.0
0.93046;	1424.0
0.93285;	1426.0
0.93525;	1428.0
0.93765;	1432.0
0.94005;	1444.0
0.94245;	1476.0
0.94484;	1484.0
0.94724;	1498.0
0.94964;	1510.0
0.95204;	1512.0
0.95444;	1548.0
0.95683;	1558.0
0.95923;	1588.0
0.96163;	1632.0
0.96403;	1660.0
0.96643;	1668.0
0.96882;	1678.0
0.97122;	1692.0
0.97362;	1736.0
0.97602;	1780.0
0.97842;	1940.0
0.98082;	1966.0
0.98321;	2036.0
0.98561;	2074.0
0.98801;	2164.0
0.99041;	2484.0
0.99281;	2554.0
0.99520;	3454.0
0.99760;	4208.0
1.00000;	4402.0

=========================

===== Traceroute RTT [ms] (DTube + Vodafone (DE)) =====
0.01149;	72.0
0.02299;	74.0
0.03448;	78.0
0.08046;	80.0
0.11494;	82.0
0.12644;	84.0
0.16092;	86.0
0.17241;	88.0
0.18391;	90.0
0.21839;	92.0
0.22989;	96.0
0.24138;	98.0
0.25287;	100.0
0.26437;	104.0
0.28736;	106.0
0.29885;	108.0
0.31034;	110.0
0.32184;	114.0
0.33333;	118.0
0.35632;	120.0
0.36782;	122.0
0.37931;	126.0
0.39080;	130.0
0.40230;	140.0
0.41379;	142.0
0.42529;	144.0
0.47126;	146.0
0.48276;	148.0
0.49425;	150.0
0.50575;	152.0
0.51724;	156.0
0.52874;	162.0
0.54023;	166.0
0.55172;	194.0
0.56322;	216.0
0.57471;	226.0
0.58621;	466.0
0.59770;	482.0
0.60920;	504.0
0.62069;	508.0
0.63218;	512.0
0.65517;	540.0
0.66667;	728.0
0.67816;	1192.0
0.68966;	1310.0
0.70115;	1316.0
0.71264;	1332.0
0.72414;	1350.0
0.74713;	1358.0
0.75862;	1372.0
0.77011;	1380.0
0.78161;	1382.0
0.79310;	1396.0
0.80460;	1404.0
0.81609;	1426.0
0.82759;	1442.0
0.83908;	1446.0
0.85057;	1452.0
0.86207;	1454.0
0.87356;	1464.0
0.88506;	1468.0
0.89655;	1470.0
0.90805;	1476.0
0.91954;	1486.0
0.93103;	1528.0
0.94253;	1536.0
0.95402;	1556.0
0.96552;	1582.0
0.97701;	1586.0
0.98851;	1592.0
1.00000;	1600.0

=========================

===== Traceroute RTT [ms] (DTube + SIMPLE Mobile (US)) =====
0.00877;	340.0
0.02632;	344.0
0.04386;	350.0
0.06140;	352.0
0.07018;	356.0
0.08772;	358.0
0.10526;	366.0
0.12281;	370.0
0.15789;	372.0
0.16667;	374.0
0.19298;	378.0
0.21930;	380.0
0.24561;	382.0
0.28947;	384.0
0.32456;	386.0
0.35088;	388.0
0.37719;	390.0
0.39474;	392.0
0.42105;	396.0
0.44737;	398.0
0.45614;	400.0
0.46491;	402.0
0.47368;	404.0
0.49123;	406.0
0.50877;	408.0
0.51754;	410.0
0.52632;	414.0
0.54386;	416.0
0.55263;	420.0
0.57018;	422.0
0.57895;	426.0
0.58772;	430.0
0.60526;	436.0
0.61404;	442.0
0.62281;	444.0
0.63158;	460.0
0.64912;	462.0
0.65789;	466.0
0.66667;	476.0
0.67544;	480.0
0.68421;	500.0
0.69298;	506.0
0.70175;	536.0
0.71053;	550.0
0.71930;	554.0
0.72807;	566.0
0.73684;	568.0
0.74561;	570.0
0.76316;	572.0
0.78070;	574.0
0.78947;	578.0
0.79825;	586.0
0.80702;	606.0
0.81579;	610.0
0.82456;	614.0
0.83333;	636.0
0.84211;	646.0
0.85088;	650.0
0.85965;	654.0
0.86842;	660.0
0.87719;	668.0
0.88596;	678.0
0.90351;	684.0
0.91228;	690.0
0.92105;	932.0
0.92982;	1438.0
0.93860;	1610.0
0.94737;	1712.0
0.95614;	2238.0
0.96491;	2662.0
0.97368;	2740.0
0.98246;	2898.0
0.99123;	2910.0
1.00000;	3202.0

=========================

===== Traceroute RTT [ms] (YouTube + T-Mobile (DE)) =====
0.06667;	52.0
0.13333;	54.0
0.20000;	56.0
0.33333;	58.0
0.40000;	60.0
0.53333;	62.0
0.60000;	66.0
0.80000;	70.0
0.86667;	76.0
0.93333;	82.0
1.00000;	400.0

=========================

===== Traceroute RTT [ms] (YouTube + o2 (DE)) =====
0.01073;	28.0
0.05006;	30.0
0.10965;	32.0
0.17282;	34.0
0.25149;	36.0
0.30513;	38.0
0.32539;	40.0
0.33850;	42.0
0.35280;	44.0
0.36591;	46.0
0.39452;	48.0
0.41955;	50.0
0.44219;	52.0
0.46007;	54.0
0.47914;	56.0
0.50417;	58.0
0.52443;	60.0
0.54231;	62.0
0.57092;	64.0
0.59476;	66.0
0.61859;	68.0
0.63647;	70.0
0.64958;	72.0
0.66865;	74.0
0.68296;	76.0
0.69726;	78.0
0.71156;	80.0
0.72944;	82.0
0.74613;	84.0
0.76043;	86.0
0.77354;	88.0
0.78188;	90.0
0.78903;	92.0
0.79261;	94.0
0.79499;	96.0
0.79857;	98.0
0.80334;	100.0
0.80691;	102.0
0.81526;	104.0
0.81764;	106.0
0.83075;	108.0
0.83313;	110.0
0.83909;	112.0
0.85101;	114.0
0.85459;	116.0
0.85697;	118.0
0.86412;	120.0
0.86651;	122.0
0.87008;	124.0
0.87247;	126.0
0.87843;	128.0
0.88200;	130.0
0.88439;	136.0
0.88677;	138.0
0.88915;	140.0
0.89154;	142.0
0.89750;	144.0
0.89869;	146.0
0.90107;	148.0
0.90465;	150.0
0.90703;	152.0
0.90942;	154.0
0.91061;	156.0
0.91418;	158.0
0.91538;	162.0
0.91657;	164.0
0.91776;	168.0
0.92133;	172.0
0.92253;	174.0
0.92372;	176.0
0.92491;	178.0
0.92610;	180.0
0.92849;	182.0
0.92968;	184.0
0.93087;	194.0
0.93206;	224.0
0.93325;	230.0
0.93445;	266.0
0.93564;	306.0
0.93683;	334.0
0.93802;	362.0
0.93921;	432.0
0.94041;	494.0
0.94279;	506.0
0.94398;	510.0
0.94517;	546.0
0.94636;	548.0
0.94756;	552.0
0.94875;	558.0
0.94994;	584.0
0.95113;	606.0
0.95232;	608.0
0.95352;	612.0
0.95471;	616.0
0.95709;	618.0
0.95828;	624.0
0.95948;	626.0
0.96067;	628.0
0.96305;	632.0
0.96424;	652.0
0.96782;	656.0
0.97020;	660.0
0.97139;	684.0
0.97259;	688.0
0.97378;	698.0
0.97497;	710.0
0.97616;	746.0
0.97855;	748.0
0.97974;	750.0
0.98093;	774.0
0.98212;	802.0
0.98331;	806.0
0.98451;	814.0
0.98570;	816.0
0.98689;	820.0
0.98808;	832.0
0.98927;	844.0
0.99046;	852.0
0.99166;	982.0
0.99285;	1092.0
0.99404;	1228.0
0.99523;	1240.0
0.99642;	1482.0
0.99762;	1540.0
0.99881;	1686.0
1.00000;	1778.0

=========================

===== Traceroute RTT [ms] (YouTube + Vodafone (DE)) =====
0.01205;	70.0
0.03614;	74.0
0.06024;	76.0
0.07229;	78.0
0.10843;	80.0
0.14458;	82.0
0.16867;	84.0
0.18072;	86.0
0.19277;	88.0
0.25301;	90.0
0.26506;	92.0
0.27711;	94.0
0.30120;	96.0
0.33735;	98.0
0.36145;	100.0
0.38554;	102.0
0.42169;	104.0
0.46988;	106.0
0.48193;	108.0
0.50602;	110.0
0.51807;	112.0
0.54217;	114.0
0.56627;	118.0
0.57831;	124.0
0.59036;	130.0
0.63855;	134.0
0.65060;	136.0
0.67470;	138.0
0.68675;	140.0
0.71084;	142.0
0.72289;	144.0
0.73494;	146.0
0.77108;	148.0
0.78313;	154.0
0.79518;	188.0
0.81928;	218.0
0.83133;	236.0
0.84337;	274.0
0.85542;	290.0
0.87952;	306.0
0.89157;	484.0
0.90361;	506.0
0.91566;	572.0
0.92771;	582.0
0.93976;	734.0
0.95181;	764.0
0.96386;	932.0
0.97590;	1234.0
0.98795;	1312.0
1.00000;	1446.0

=========================

===== Traceroute RTT [ms] (YouTube + SIMPLE Mobile (US)) =====
0.02419;	32.0
0.04839;	34.0
0.06452;	36.0
0.08871;	46.0
0.10484;	48.0
0.14516;	52.0
0.16935;	54.0
0.21774;	56.0
0.29839;	58.0
0.34677;	60.0
0.41129;	62.0
0.48387;	64.0
0.60484;	66.0
0.73387;	68.0
0.79032;	70.0
0.83871;	72.0
0.84677;	74.0
0.85484;	76.0
0.87903;	80.0
0.89516;	82.0
0.91129;	84.0
0.91935;	86.0
0.92742;	90.0
0.93548;	94.0
0.94355;	106.0
0.95161;	120.0
0.95968;	132.0
0.96774;	248.0
0.97581;	254.0
0.98387;	426.0
0.99194;	504.0
1.00000;	670.0

=========================

