===== Bandwidth Estimate [Mbps] (YouTube (WiFi)) =====
0.00025;	0.05444
0.00515;	0.39595
0.01031;	0.52852
0.01522;	0.53099
0.02013;	0.65847
0.02504;	0.66098
0.02995;	0.66173
0.03510;	0.66234
0.04026;	0.66273
0.04566;	0.66302
0.05056;	0.6633
0.05547;	0.66358
0.06087;	0.66409
0.06578;	0.66536
0.07069;	0.66695
0.07560;	0.67194
0.08051;	0.69293
0.08542;	0.79275
0.09033;	0.79424
0.09524;	0.79494
0.10015;	0.79548
0.10506;	0.79601
0.10997;	0.79656
0.11487;	0.7973
0.11978;	0.79838
0.12469;	0.7995
0.12960;	0.8058
0.13451;	0.91644
0.13942;	0.92469
0.14433;	0.92593
0.14924;	0.92704
0.15415;	0.92738
0.15906;	0.92773
0.16397;	0.92807
0.16937;	0.92843
0.17428;	0.92882
0.17919;	0.92925
0.18459;	0.92963
0.18949;	0.92988
0.19440;	0.93023
0.19931;	0.93077
0.20422;	0.93116
0.20938;	0.93176
0.21453;	0.93393
0.21944;	0.93558
0.22435;	0.94485
0.22926;	1.05332
0.23417;	1.05753
0.23908;	1.0584
0.24399;	1.05951
0.24890;	1.05999
0.25430;	1.06049
0.25920;	1.06095
0.26411;	1.06125
0.26902;	1.06162
0.27393;	1.06202
0.27884;	1.06242
0.28375;	1.06287
0.28891;	1.06364
0.29381;	1.06423
0.29872;	1.06525
0.30363;	1.06778
0.30854;	1.0836
0.31345;	1.18371
0.31836;	1.18925
0.32327;	1.19107
0.32818;	1.19211
0.33333;	1.19275
0.33849;	1.19344
0.34389;	1.19399
0.34904;	1.19447
0.35395;	1.19507
0.35886;	1.19549
0.36402;	1.19606
0.36917;	1.197
0.37408;	1.19869
0.37899;	1.20581
0.38390;	1.31166
0.38881;	1.32097
0.39372;	1.32414
0.39863;	1.32523
0.40353;	1.32577
0.40844;	1.32617
0.41360;	1.3268
0.41875;	1.32743
0.42391;	1.3281
0.42882;	1.32916
0.43373;	1.3302
0.43864;	1.33225
0.44354;	1.33402
0.44845;	1.33942
0.45336;	1.35275
0.45827;	1.45105
0.46318;	1.45468
0.46809;	1.45699
0.47324;	1.4584
0.47815;	1.45925
0.48306;	1.46003
0.48797;	1.46103
0.49288;	1.46199
0.49804;	1.4635
0.50295;	1.46551
0.50785;	1.46861
0.51276;	1.47789
0.51767;	1.5742
0.52258;	1.58689
0.52749;	1.59087
0.53240;	1.59267
0.53731;	1.59392
0.54222;	1.59475
0.54713;	1.5959
0.55204;	1.59713
0.55695;	1.59951
0.56186;	1.60385
0.56676;	1.61488
0.57167;	1.7079
0.57658;	1.72279
0.58149;	1.72497
0.58640;	1.72627
0.59131;	1.72826
0.59622;	1.73097
0.60113;	1.73537
0.60604;	1.74361
0.61095;	1.83705
0.61586;	1.853
0.62077;	1.85634
0.62568;	1.85881
0.63058;	1.86098
0.63549;	1.86277
0.64040;	1.86515
0.64556;	1.87189
0.65047;	1.89938
0.65538;	1.98637
0.66028;	1.99003
0.66519;	1.99334
0.67010;	1.99706
0.67501;	2.00493
0.67992;	2.01822
0.68483;	2.11439
0.68974;	2.12398
0.69465;	2.12655
0.69956;	2.12869
0.70447;	2.13117
0.70938;	2.13516
0.71429;	2.14217
0.71919;	2.16855
0.72410;	2.25059
0.72901;	2.25684
0.73392;	2.26116
0.73883;	2.26695
0.74374;	2.2741
0.74865;	2.3594
0.75356;	2.38843
0.75847;	2.39463
0.76338;	2.4007
0.76829;	2.41184
0.77320;	2.50645
0.77811;	2.5226
0.78301;	2.52955
0.78792;	2.54663
0.79283;	2.58216
0.79774;	2.65696
0.80265;	2.66336
0.80756;	2.69586
0.81247;	2.78881
0.81738;	2.79857
0.82229;	2.80524
0.82720;	2.81855
0.83211;	2.91133
0.83702;	2.92715
0.84192;	2.93744
0.84683;	2.94912
0.85174;	3.00457
0.85665;	3.05878
0.86156;	3.06753
0.86647;	3.07885
0.87162;	3.10378
0.87653;	3.18064
0.88144;	3.19176
0.88635;	3.20088
0.89126;	3.21099
0.89617;	3.23777
0.90108;	3.32152
0.90599;	3.32983
0.91090;	3.33919
0.91581;	3.34644
0.92072;	3.35614
0.92563;	3.42666
0.93054;	3.45848
0.93544;	3.46645
0.94035;	3.47298
0.94526;	3.48756
0.95017;	3.56201
0.95508;	3.59962
0.95999;	3.62352
0.96490;	3.74808
0.96981;	4.1049
0.97472;	5.63868
0.97963;	15.95862
0.98454;	24.33806
0.98945;	35.89462
0.99435;	44.04559
0.99951;	62.47862

=========================

===== Bandwidth Estimate [Mbps] (YouTube (Cellular)) =====
0.00060;	0.1483
0.00541;	0.26416
0.01022;	0.36979
0.01503;	0.39753
0.01984;	0.52542
0.02465;	0.55333
0.02946;	0.62371
0.03428;	0.65773
0.03909;	0.65996
0.04390;	0.661
0.04871;	0.66163
0.05352;	0.66216
0.05893;	0.66256
0.06374;	0.66299
0.06855;	0.6637
0.07336;	0.66414
0.07817;	0.66601
0.08298;	0.67331
0.08779;	0.71157
0.09260;	0.76863
0.09741;	0.78743
0.10222;	0.79122
0.10704;	0.79291
0.11185;	0.79364
0.11666;	0.79449
0.12147;	0.79521
0.12628;	0.79563
0.13109;	0.79633
0.13590;	0.79744
0.14071;	0.80032
0.14552;	0.81422
0.15033;	0.84112
0.15514;	0.86229
0.15995;	0.90183
0.16476;	0.91736
0.16957;	0.92055
0.17438;	0.92344
0.17919;	0.92454
0.18400;	0.92508
0.18882;	0.92573
0.19363;	0.92619
0.19844;	0.92636
0.20325;	0.92667
0.20806;	0.92687
0.21287;	0.92731
0.21768;	0.92752
0.22249;	0.92792
0.22730;	0.92833
0.23211;	0.92844
0.23692;	0.92867
0.24173;	0.92924
0.24654;	0.92967
0.25135;	0.93044
0.25616;	0.93174
0.26097;	0.93405
0.26578;	0.93995
0.27060;	0.95365
0.27541;	0.98956
0.28022;	1.03146
0.28503;	1.04584
0.28984;	1.05285
0.29465;	1.05506
0.29946;	1.05685
0.30427;	1.05776
0.30968;	1.05825
0.31509;	1.05873
0.31990;	1.05929
0.32471;	1.05964
0.32952;	1.05983
0.33434;	1.06011
0.33915;	1.06033
0.34396;	1.0607
0.34877;	1.06113
0.35358;	1.06165
0.35839;	1.06279
0.36320;	1.0637
0.36801;	1.06486
0.37282;	1.07046
0.37763;	1.12644
0.38244;	1.16397
0.38725;	1.18289
0.39206;	1.18626
0.39687;	1.18793
0.40168;	1.18963
0.40649;	1.19096
0.41130;	1.19147
0.41612;	1.19201
0.42093;	1.19242
0.42574;	1.19261
0.43055;	1.19322
0.43536;	1.19357
0.44017;	1.19413
0.44498;	1.19437
0.44979;	1.19487
0.45460;	1.19562
0.45941;	1.19661
0.46422;	1.19771
0.46903;	1.2069
0.47384;	1.30027
0.47865;	1.31098
0.48346;	1.31944
0.48827;	1.32129
0.49308;	1.32207
0.49790;	1.32279
0.50271;	1.32421
0.50752;	1.32495
0.51233;	1.32613
0.51714;	1.32679
0.52195;	1.32751
0.52676;	1.32851
0.53157;	1.33195
0.53638;	1.33659
0.54119;	1.34016
0.54600;	1.43688
0.55081;	1.44622
0.55562;	1.45136
0.56043;	1.45411
0.56524;	1.4557
0.57005;	1.45676
0.57486;	1.45793
0.57968;	1.45887
0.58449;	1.46067
0.58930;	1.4614
0.59411;	1.46223
0.59892;	1.4633
0.60373;	1.46794
0.60854;	1.57203
0.61335;	1.58107
0.61816;	1.58346
0.62297;	1.58628
0.62778;	1.58794
0.63259;	1.58989
0.63740;	1.59172
0.64221;	1.59355
0.64702;	1.59502
0.65183;	1.59727
0.65664;	1.60108
0.66146;	1.62269
0.66627;	1.66383
0.67108;	1.7018
0.67589;	1.71329
0.68070;	1.7174
0.68551;	1.72084
0.69032;	1.72284
0.69513;	1.72417
0.69994;	1.72562
0.70535;	1.72828
0.71016;	1.73541
0.71497;	1.79367
0.71978;	1.84497
0.72459;	1.85291
0.72940;	1.8561
0.73422;	1.85728
0.73903;	1.85894
0.74384;	1.86063
0.74865;	1.86247
0.75346;	1.86356
0.75827;	1.87133
0.76308;	1.90874
0.76789;	1.97592
0.77270;	1.98668
0.77751;	1.98904
0.78232;	1.99428
0.78713;	1.99698
0.79194;	2.00864
0.79675;	2.03614
0.80156;	2.09421
0.80637;	2.12064
0.81118;	2.12718
0.81600;	2.13093
0.82081;	2.16083
0.82562;	2.24819
0.83043;	2.25401
0.83524;	2.26323
0.84005;	2.26722
0.84486;	2.29652
0.84967;	2.37364
0.85448;	2.39414
0.85929;	2.44075
0.86410;	2.52214
0.86891;	2.5396
0.87372;	2.56274
0.87853;	2.65771
0.88334;	2.6641
0.88815;	2.68047
0.89296;	2.7685
0.89778;	2.80943
0.90259;	2.89077
0.90740;	2.93156
0.91221;	2.94327
0.91702;	2.98042
0.92183;	3.05913
0.92664;	3.12698
0.93145;	3.19225
0.93626;	3.21264
0.94107;	3.32687
0.94588;	3.34437
0.95069;	3.45183
0.95550;	3.56736
0.96031;	3.64905
0.96512;	3.93329
0.96993;	4.23565
0.97474;	4.91524
0.97956;	6.08534
0.98437;	21.54999
0.98918;	28.62531
0.99399;	38.73426
0.99880;	48.03835

=========================

===== Bandwidth Estimate [Mbps] (DTube (WiFi)) =====
0.00055;	0.13288
0.00549;	0.2652
0.01099;	0.26545
0.01593;	0.26562
0.02143;	0.26582
0.02637;	0.2661
0.03132;	0.26795
0.03626;	0.26922
0.04121;	0.37131
0.04615;	0.3974
0.05110;	0.39809
0.05604;	0.39838
0.06099;	0.39862
0.06593;	0.39942
0.07088;	0.40151
0.07582;	0.52785
0.08077;	0.53008
0.08571;	0.53073
0.09066;	0.53084
0.09560;	0.53093
0.10055;	0.53104
0.10604;	0.53115
0.11099;	0.53121
0.11593;	0.53134
0.12143;	0.5315
0.12637;	0.5317
0.13132;	0.53183
0.13626;	0.53263
0.14121;	0.53408
0.14615;	0.55023
0.15110;	0.65277
0.15604;	0.66146
0.16099;	0.66212
0.16593;	0.66288
0.17143;	0.66359
0.17637;	0.66375
0.18132;	0.66396
0.18626;	0.66411
0.19121;	0.66447
0.19615;	0.66471
0.20110;	0.66506
0.20604;	0.66559
0.21099;	0.66697
0.21593;	0.66821
0.22088;	0.77946
0.22582;	0.79455
0.23077;	0.79584
0.23571;	0.79656
0.24066;	0.7972
0.24560;	0.79767
0.25055;	0.7995
0.25549;	0.80381
0.26044;	0.91011
0.26538;	0.92123
0.27033;	0.92563
0.27527;	0.92745
0.28022;	0.92847
0.28516;	0.92898
0.29011;	0.92924
0.29505;	0.92955
0.30055;	0.92983
0.30549;	0.93009
0.31044;	0.93034
0.31593;	0.93062
0.32088;	0.93077
0.32582;	0.93098
0.33077;	0.9315
0.33571;	0.93199
0.34066;	0.93405
0.34560;	0.94075
0.35055;	0.9533
0.35549;	1.0551
0.36044;	1.05882
0.36538;	1.06064
0.37033;	1.06151
0.37527;	1.06238
0.38022;	1.06346
0.38516;	1.06455
0.39011;	1.06545
0.39505;	1.06816
0.40000;	1.0717
0.40495;	1.16216
0.40989;	1.19097
0.41484;	1.19271
0.41978;	1.19396
0.42473;	1.1953
0.42967;	1.19594
0.43462;	1.19645
0.43956;	1.19716
0.44451;	1.19769
0.44945;	1.19843
0.45495;	1.19903
0.45989;	1.20016
0.46484;	1.20792
0.46978;	1.27628
0.47473;	1.31789
0.47967;	1.32246
0.48462;	1.32523
0.48956;	1.32654
0.49451;	1.32813
0.49945;	1.32896
0.50440;	1.32979
0.50934;	1.33045
0.51429;	1.33116
0.51923;	1.33245
0.52418;	1.33599
0.52912;	1.34121
0.53407;	1.44634
0.53901;	1.45502
0.54396;	1.45926
0.54890;	1.46174
0.55385;	1.46319
0.55879;	1.46428
0.56374;	1.46635
0.56868;	1.48455
0.57363;	1.56908
0.57857;	1.58556
0.58352;	1.59011
0.58901;	1.59221
0.59396;	1.59395
0.59890;	1.59483
0.60385;	1.596
0.60934;	1.59704
0.61429;	1.59887
0.61923;	1.60348
0.62418;	1.65772
0.62912;	1.7142
0.63407;	1.72161
0.63901;	1.72461
0.64396;	1.72754
0.64890;	1.72878
0.65385;	1.73178
0.65879;	1.73493
0.66374;	1.77928
0.66868;	1.8454
0.67363;	1.85284
0.67857;	1.85864
0.68352;	1.86113
0.68846;	1.8628
0.69341;	1.86493
0.69835;	1.87112
0.70330;	1.97299
0.70824;	1.98985
0.71319;	1.99305
0.71813;	1.99743
0.72308;	2.00217
0.72802;	2.09732
0.73297;	2.11717
0.73846;	2.12627
0.74341;	2.13021
0.74835;	2.13389
0.75330;	2.14613
0.75824;	2.2158
0.76319;	2.24946
0.76813;	2.25882
0.77308;	2.26731
0.77802;	2.38606
0.78297;	2.39272
0.78791;	2.40391
0.79286;	2.46583
0.79780;	2.52002
0.80275;	2.53031
0.80769;	2.54476
0.81264;	2.6388
0.81758;	2.65587
0.82253;	2.66491
0.82747;	2.71934
0.83242;	2.78419
0.83736;	2.79681
0.84231;	2.80212
0.84725;	2.92263
0.85220;	2.94075
0.85714;	3.03486
0.86209;	3.06288
0.86703;	3.18643
0.87198;	3.20483
0.87692;	3.3239
0.88187;	3.39488
0.88681;	3.46741
0.89176;	3.5016
0.89670;	3.5967
0.90165;	3.61767
0.90659;	3.72825
0.91154;	3.79987
0.91648;	3.86243
0.92143;	3.88501
0.92637;	3.99901
0.93132;	4.13079
0.93626;	4.50654
0.94121;	4.75525
0.94615;	4.99942
0.95110;	5.32893
0.95604;	6.13869
0.96099;	7.28819
0.96593;	8.00581
0.97088;	9.39369
0.97582;	11.41546
0.98077;	13.40502
0.98571;	16.54257
0.99066;	19.57932
0.99560;	25.8701

=========================

===== Bandwidth Estimate [Mbps] (DTube (Cellular)) =====
0.00101;	0.13228
0.00503;	0.21619
0.00905;	0.26333
0.01308;	0.26439
0.01710;	0.26492
0.02113;	0.2653
0.02616;	0.26553
0.03018;	0.26558
0.03421;	0.26562
0.03823;	0.26566
0.04326;	0.26569
0.04728;	0.26578
0.05131;	0.26594
0.05533;	0.2665
0.05936;	0.36064
0.06338;	0.3918
0.06740;	0.39317
0.07143;	0.39497
0.07545;	0.39614
0.07948;	0.39667
0.08350;	0.39728
0.08753;	0.39766
0.09155;	0.39781
0.09557;	0.39808
0.09960;	0.39826
0.10362;	0.39851
0.10765;	0.39857
0.11167;	0.3987
0.11569;	0.39932
0.11972;	0.40108
0.12374;	0.40474
0.12777;	0.50153
0.13179;	0.52279
0.13581;	0.52647
0.13984;	0.52721
0.14386;	0.5279
0.14789;	0.52843
0.15191;	0.52874
0.15594;	0.52944
0.15996;	0.52962
0.16398;	0.52992
0.16801;	0.53031
0.17203;	0.53057
0.17706;	0.53102
0.18109;	0.53117
0.18511;	0.53126
0.18913;	0.53137
0.19316;	0.53146
0.19718;	0.53174
0.20121;	0.53326
0.20523;	0.53559
0.20926;	0.57925
0.21328;	0.64298
0.21730;	0.64798
0.22133;	0.65335
0.22535;	0.65558
0.22938;	0.65648
0.23340;	0.65799
0.23742;	0.66047
0.24145;	0.66089
0.24547;	0.66149
0.24950;	0.66173
0.25352;	0.66199
0.25755;	0.66236
0.26157;	0.66294
0.26559;	0.66314
0.26962;	0.66342
0.27364;	0.66361
0.27767;	0.66374
0.28169;	0.66393
0.28571;	0.66411
0.28974;	0.66429
0.29376;	0.66439
0.29779;	0.6645
0.30181;	0.66483
0.30584;	0.66502
0.30986;	0.66624
0.31388;	0.70371
0.31791;	0.75264
0.32193;	0.76963
0.32596;	0.77862
0.32998;	0.78161
0.33400;	0.78509
0.33803;	0.78834
0.34205;	0.78999
0.34608;	0.79219
0.35010;	0.79293
0.35412;	0.79399
0.35815;	0.79596
0.36217;	0.79699
0.36620;	0.79763
0.37022;	0.79785
0.37425;	0.79883
0.37827;	0.80469
0.38229;	0.86423
0.38632;	0.89882
0.39034;	0.91584
0.39437;	0.92078
0.39839;	0.92196
0.40241;	0.92402
0.40644;	0.9256
0.41046;	0.92634
0.41449;	0.92702
0.41851;	0.92831
0.42254;	0.9289
0.42757;	0.92994
0.43159;	0.93013
0.43561;	0.93059
0.43964;	0.93098
0.44366;	0.93138
0.44769;	0.93186
0.45171;	0.93215
0.45573;	0.93506
0.45976;	0.94507
0.46378;	0.96249
0.46781;	0.99037
0.47183;	1.00431
0.47586;	1.03434
0.47988;	1.04255
0.48390;	1.04571
0.48793;	1.05279
0.49195;	1.05608
0.49598;	1.05863
0.50000;	1.05973
0.50402;	1.06034
0.50805;	1.0615
0.51207;	1.06178
0.51610;	1.06234
0.52012;	1.06338
0.52414;	1.06376
0.52817;	1.06408
0.53219;	1.06527
0.53622;	1.07258
0.54024;	1.1059
0.54427;	1.13133
0.54829;	1.17243
0.55231;	1.18552
0.55634;	1.19091
0.56036;	1.1933
0.56439;	1.19534
0.56841;	1.19598
0.57243;	1.19664
0.57646;	1.19748
0.58048;	1.19867
0.58451;	1.21246
0.58853;	1.29336
0.59256;	1.30385
0.59658;	1.32023
0.60060;	1.32242
0.60463;	1.32464
0.60865;	1.32754
0.61268;	1.32853
0.61670;	1.32918
0.62072;	1.32975
0.62475;	1.33036
0.62877;	1.33191
0.63280;	1.33566
0.63682;	1.37502
0.64085;	1.44093
0.64487;	1.4528
0.64889;	1.45738
0.65292;	1.4586
0.65694;	1.46051
0.66097;	1.46228
0.66499;	1.46328
0.66901;	1.46579
0.67304;	1.48058
0.67706;	1.57561
0.68109;	1.58589
0.68511;	1.58803
0.68913;	1.58989
0.69316;	1.59231
0.69718;	1.5943
0.70121;	1.59602
0.70523;	1.59778
0.70926;	1.5998
0.71328;	1.60251
0.71730;	1.66817
0.72133;	1.71591
0.72535;	1.72013
0.72938;	1.72414
0.73340;	1.72593
0.73742;	1.72771
0.74145;	1.73209
0.74547;	1.74634
0.74950;	1.77925
0.75352;	1.84783
0.75755;	1.85321
0.76157;	1.86079
0.76559;	1.86338
0.76962;	1.90902
0.77364;	1.97342
0.77767;	1.99199
0.78169;	1.99341
0.78571;	2.00602
0.78974;	2.10335
0.79376;	2.11965
0.79779;	2.12506
0.80181;	2.13174
0.80584;	2.13832
0.80986;	2.22018
0.81388;	2.23873
0.81791;	2.26203
0.82193;	2.28102
0.82596;	2.31753
0.82998;	2.38462
0.83400;	2.4117
0.83803;	2.50503
0.84205;	2.52592
0.84608;	2.53671
0.85010;	2.5803
0.85412;	2.61449
0.85815;	2.63255
0.86217;	2.66149
0.86620;	2.69911
0.87022;	2.79578
0.87425;	2.88363
0.87827;	2.91658
0.88229;	2.93691
0.88632;	3.00288
0.89034;	3.16843
0.89437;	3.18278
0.89839;	3.32852
0.90241;	3.33667
0.90644;	3.44033
0.91046;	3.49757
0.91449;	3.57663
0.91851;	3.61148
0.92254;	3.71561
0.92656;	3.74905
0.93058;	3.86082
0.93461;	3.92281
0.93863;	3.98487
0.94266;	4.11101
0.94668;	4.43821
0.95070;	4.87714
0.95473;	5.47589
0.95875;	5.81877
0.96278;	6.17465
0.96680;	6.59834
0.97082;	7.21025
0.97485;	8.50428
0.97887;	11.15865
0.98290;	15.62666
0.98692;	17.81317
0.99095;	21.73348
0.99497;	31.77851
0.99899;	45.60411

=========================

