===== content-duration-ms (DTube Content Duration) =====
0.00036;	4.004
0.00462;	13.355
0.00924;	25.821
0.01350;	31.183
0.02168;	38.763
0.02736;	49.111
0.03127;	58.3
0.03660;	60.044
0.04193;	66.801
0.04620;	72.267
0.05117;	75.558
0.05544;	80.688
0.06077;	87.04
0.06432;	90.537
0.06894;	94.63
0.07285;	100.668
0.07711;	108.054
0.08351;	112.71
0.08813;	115.99
0.09382;	120.47
0.09808;	124.011
0.10235;	127.292
0.10625;	131.611
0.11016;	133.462
0.11514;	135.4
0.11976;	138.005
0.12509;	143.339
0.13006;	144.96
0.13575;	147.414
0.14001;	149.099
0.14499;	152.0
0.15068;	156.323
0.15494;	159.3
0.15920;	162.603
0.16418;	166.208
0.17093;	168.252
0.17662;	170.967
0.18124;	173.48
0.18657;	177.72
0.19083;	179.496
0.19510;	181.807
0.19972;	183.28
0.20398;	184.483
0.20753;	185.736
0.21144;	187.634
0.21606;	189.315
0.22068;	191.124
0.22566;	193.794
0.22921;	196.43
0.23454;	198.123
0.23916;	200.691
0.24307;	202.667
0.24876;	205.636
0.25480;	208.108
0.26048;	210.561
0.26475;	212.727
0.26937;	214.334
0.27434;	216.367
0.27932;	218.57
0.28394;	220.167
0.28820;	222.134
0.29247;	223.834
0.29922;	226.496
0.30455;	228.74
0.30988;	230.6
0.31485;	231.92
0.31912;	234.347
0.32374;	236.32
0.32907;	239.705
0.33298;	242.069
0.33831;	244.5
0.34826;	246.4
0.35466;	247.72
0.36283;	248.96
0.36816;	253.134
0.37242;	254.538
0.37882;	257.022
0.38415;	260.019
0.38913;	262.061
0.39446;	263.6
0.40014;	265.246
0.40512;	268.969
0.40867;	270.678
0.41258;	272.79
0.41756;	276.243
0.42182;	279.5
0.42644;	282.341
0.43284;	285.72
0.43888;	288.589
0.44350;	292.467
0.44705;	295.335
0.45274;	297.28
0.45807;	299.968
0.46411;	302.955
0.46766;	307.96
0.47193;	309.8
0.47726;	311.915
0.48223;	314.4
0.48650;	317.484
0.49254;	320.134
0.49680;	322.2
0.50071;	326.72
0.50498;	330.537
0.50995;	333.034
0.51599;	337.046
0.52026;	340.56
0.52381;	345.344
0.52807;	347.467
0.53340;	351.719
0.53767;	357.04
0.54300;	359.88
0.54975;	363.998
0.55721;	368.512
0.56254;	372.072
0.56681;	377.033
0.57249;	380.502
0.57605;	384.852
0.58031;	387.2
0.58422;	393.649
0.58813;	397.24
0.59275;	401.366
0.59701;	406.488
0.60341;	412.362
0.60803;	415.746
0.61194;	422.022
0.61869;	425.92
0.62367;	434.067
0.62722;	441.041
0.63077;	443.9
0.63682;	449.517
0.64108;	456.449
0.64463;	460.684
0.64890;	468.467
0.65352;	474.183
0.65743;	479.819
0.66205;	484.6
0.66596;	492.16
0.67093;	495.526
0.67555;	500.067
0.68053;	506.3
0.68621;	513.52
0.69048;	517.65
0.69545;	527.873
0.70078;	536.846
0.70611;	545.7
0.70967;	556.167
0.71393;	564.2
0.71784;	568.425
0.72175;	578.267
0.72672;	590.507
0.73099;	603.627
0.73596;	609.009
0.74094;	618.767
0.74591;	629.782
0.74947;	646.635
0.75409;	655.915
0.75871;	664.758
0.76546;	678.656
0.77114;	685.467
0.77576;	691.992
0.78145;	700.4
0.78607;	712.9
0.79033;	731.631
0.79460;	738.944
0.79922;	752.68
0.80419;	760.753
0.80810;	769.536
0.81201;	775.8
0.81557;	787.051
0.81947;	795.005
0.82552;	820.567
0.82978;	827.4
0.83369;	848.48
0.83795;	862.429
0.84222;	874.046
0.84648;	881.434
0.85359;	900.8
0.85999;	918.721
0.86496;	946.028
0.87278;	960.66
0.87846;	979.2
0.88415;	1009.7
0.89161;	1036.992
0.89623;	1061.511
0.90085;	1086.653
0.90689;	1132.932
0.91045;	1160.24
0.91507;	1185.704
0.92075;	1206.016
0.92857;	1248.399
0.93461;	1294.271
0.93994;	1330.852
0.94598;	1414.967
0.95025;	1516.0
0.95487;	1565.91
0.95984;	1686.294
0.96446;	1844.511
0.96944;	1956.63
0.97370;	2264.7
0.97974;	2516.37
0.98365;	2810.267
0.98827;	3256.667
0.99183;	4206.017
0.99538;	7215.033

=========================

