===== content-duration-ms (YouTube Content Duration) =====
0.00017;	9.055
0.00523;	27.376
0.01028;	37.035
0.01516;	47.925
0.02057;	54.102
0.02545;	59.512
0.02981;	65.782
0.03434;	72.283
0.03800;	80.666
0.04340;	88.421
0.04724;	94.668
0.05177;	103.212
0.05613;	111.85
0.05996;	118.444
0.06519;	123.832
0.06920;	130.008
0.07373;	137.322
0.07914;	145.774
0.08419;	152.253
0.09081;	157.733
0.09569;	163.607
0.10180;	167.3
0.10755;	172.06
0.11208;	176.1
0.11644;	178.77
0.12236;	180.581
0.12881;	183.298
0.13387;	187.176
0.13927;	189.126
0.14590;	191.332
0.14990;	195.582
0.15478;	199.412
0.15949;	202.571
0.16507;	206.007
0.16943;	210.697
0.17378;	214.9
0.17814;	218.244
0.18250;	223.028
0.18860;	228.414
0.19296;	233.523
0.19941;	237.493
0.20533;	241.65
0.21021;	247.338
0.21422;	254.259
0.21858;	259.9
0.22398;	270.767
0.22817;	275.969
0.23270;	282.262
0.23741;	289.529
0.24368;	297.54
0.24891;	302.695
0.25414;	308.128
0.25850;	310.961
0.26268;	318.136
0.26704;	324.8
0.27140;	334.135
0.27558;	339.591
0.28029;	347.742
0.28464;	356.24
0.29127;	361.07
0.29650;	369.29
0.30016;	374.978
0.30504;	383.5
0.30940;	390.606
0.31462;	397.525
0.32055;	403.098
0.32473;	411.248
0.32979;	420.466
0.33432;	424.646
0.33903;	429.662
0.34373;	434.004
0.34809;	439.089
0.35297;	445.172
0.35803;	452.255
0.36273;	457.293
0.36727;	465.002
0.37075;	472.2
0.37476;	478.725
0.37877;	484.043
0.38365;	492.611
0.38888;	498.3
0.39219;	502.619
0.39690;	509.283
0.40108;	513.95
0.40718;	518.896
0.41154;	523.122
0.41607;	529.763
0.42078;	533.548
0.42583;	539.26
0.43089;	544.693
0.43402;	552.286
0.43925;	558.857
0.44309;	568.633
0.44797;	577.619
0.45268;	583.285
0.45616;	591.644
0.46017;	598.981
0.46575;	601.42
0.47115;	603.068
0.47708;	604.647
0.48178;	606.783
0.48701;	611.172
0.49207;	614.539
0.49834;	618.695
0.50444;	622.782
0.50915;	626.567
0.51368;	630.77
0.51839;	634.81
0.52362;	638.734
0.52867;	642.426
0.53512;	646.652
0.54000;	649.856
0.54628;	654.57
0.55133;	658.959
0.55517;	662.395
0.56109;	665.251
0.56510;	669.895
0.56946;	674.4
0.57591;	678.603
0.58062;	682.689
0.58497;	686.939
0.59090;	691.42
0.59474;	695.089
0.59909;	699.245
0.60328;	702.403
0.60816;	707.256
0.61286;	711.9
0.61722;	716.614
0.62106;	722.651
0.62611;	727.457
0.63117;	734.005
0.63692;	740.345
0.64145;	744.362
0.64633;	748.262
0.65069;	754.021
0.65627;	758.735
0.66045;	763.843
0.66794;	770.693
0.67317;	776.08
0.67683;	782.419
0.68224;	788.131
0.68694;	794.702
0.69060;	801.041
0.69461;	807.381
0.69967;	813.487
0.70403;	819.13
0.70856;	824.401
0.71379;	829.347
0.72059;	833.271
0.72529;	840.074
0.72965;	845.136
0.73314;	848.132
0.73714;	858.093
0.74081;	868.612
0.74499;	876.251
0.75057;	883.287
0.75475;	888.581
0.75963;	897.172
0.76503;	905.647
0.77166;	914.889
0.77654;	920.392
0.78212;	924.456
0.78665;	930.655
0.79083;	938.62
0.79467;	945.702
0.79972;	951.414
0.80408;	957.126
0.80774;	966.484
0.81262;	977.049
0.81750;	984.851
0.82221;	996.113
0.82656;	1005.122
0.83075;	1012.181
0.83528;	1022.142
0.84033;	1034.263
0.84556;	1048.288
0.84992;	1058.644
0.85393;	1079.658
0.85881;	1095.053
0.86509;	1112.537
0.86944;	1129.975
0.87432;	1146.531
0.87886;	1157.654
0.88374;	1182.383
0.89019;	1200.007
0.89472;	1224.829
0.89873;	1243.057
0.90309;	1268.459
0.90884;	1301.339
0.91337;	1327.74
0.91930;	1352.933
0.92383;	1381.68
0.92836;	1440.542
0.93254;	1472.772
0.93742;	1517.098
0.94230;	1553.252
0.94649;	1610.443
0.95189;	1708.965
0.95695;	1756.844
0.96096;	1806.605
0.96566;	1912.418
0.97019;	2172.133
0.97490;	2568.15
0.97908;	2660.681
0.98292;	2913.779
0.98658;	2925.574
0.99076;	2959.777
0.99512;	3094.941
0.99948;	8551.305

=========================

