===== Initial Exo Processing Time [ms] (YouTube (WiFi)) =====
0.00025;	0
0.03240;	1
0.17992;	2
0.26215;	3
0.30437;	4
0.34831;	5
0.46956;	6
0.60432;	7
0.68311;	8
0.76681;	9
0.82180;	10
0.85837;	11
0.88758;	12
0.90353;	13
0.91335;	14
0.92047;	15
0.92587;	16
0.93029;	17
0.93495;	18
0.94158;	19
0.95189;	20
0.96220;	21
0.97104;	22
0.97423;	23
0.97619;	24
0.98012;	25
0.98306;	26
0.98405;	27
0.98552;	28
0.98699;	29
0.98724;	30
0.98748;	31
0.98797;	32
0.98846;	33
0.98895;	36
0.98920;	40
0.98945;	49
0.98994;	50
0.99092;	51
0.99116;	52
0.99141;	55
0.99190;	56
0.99239;	57
0.99288;	58
0.99313;	59
0.99362;	60
0.99411;	63
0.99435;	74
0.99460;	1224
0.99485;	1318
0.99509;	1497
0.99534;	2135
0.99558;	2139
0.99583;	2144
0.99607;	2191
0.99632;	2193
0.99656;	2288
0.99681;	3390
0.99705;	3484
0.99730;	4240
0.99755;	4383
0.99779;	5203
0.99804;	6666
0.99828;	7158
0.99853;	8203
0.99877;	10136
0.99902;	10200
0.99926;	17541
0.99951;	20369
0.99975;	28019
1.00000;	66363

=========================

===== Initial Exo Processing Time [ms] (YouTube (Cellular)) =====
0.00180;	1
0.02225;	2
0.05111;	3
0.08539;	4
0.13049;	5
0.25015;	6
0.39687;	7
0.51173;	8
0.66206;	9
0.76909;	10
0.82983;	11
0.86170;	12
0.87793;	13
0.88815;	14
0.89597;	15
0.90439;	16
0.91642;	17
0.92303;	18
0.93145;	19
0.94047;	20
0.95310;	21
0.96091;	22
0.96452;	23
0.96933;	24
0.97474;	25
0.97655;	26
0.97835;	28
0.97895;	29
0.97956;	40
0.98016;	48
0.98076;	52
0.98136;	276
0.98196;	285
0.98256;	288
0.98316;	364
0.98376;	487
0.98437;	796
0.98497;	1401
0.98557;	1752
0.98617;	1802
0.98737;	1839
0.98797;	1852
0.98857;	2073
0.98918;	2126
0.98978;	2433
0.99038;	2518
0.99098;	2557
0.99158;	2608
0.99218;	3005
0.99278;	3468
0.99339;	4118
0.99399;	5860
0.99459;	6195
0.99519;	6224
0.99579;	6337
0.99639;	8449
0.99699;	11736
0.99759;	16648
0.99820;	38921
0.99880;	79735
0.99940;	184695
1.00000;	358028

=========================

===== Initial Exo Processing Time [ms] (DTube (WiFi)) =====
0.03681;	1
0.22692;	2
0.34231;	3
0.39121;	4
0.44725;	5
0.56868;	6
0.68462;	7
0.79011;	8
0.86044;	9
0.91374;	10
0.94890;	11
0.96484;	12
0.97747;	13
0.98297;	14
0.98681;	15
0.98901;	16
0.99066;	17
0.99176;	18
0.99231;	19
0.99286;	22
0.99341;	24
0.99396;	48
0.99451;	49
0.99560;	50
0.99615;	52
0.99670;	53
0.99725;	76
0.99780;	922
0.99835;	2098
0.99890;	9881
0.99945;	10403
1.00000;	24118

=========================

===== Initial Exo Processing Time [ms] (DTube (Cellular)) =====
0.00101;	1
0.03119;	2
0.05936;	3
0.09759;	4
0.13682;	5
0.26459;	6
0.45070;	7
0.60765;	8
0.73340;	9
0.84708;	10
0.91449;	11
0.94769;	12
0.96278;	13
0.97183;	14
0.97787;	15
0.98390;	16
0.98793;	17
0.99095;	18
0.99396;	19
0.99497;	28
0.99598;	29
0.99698;	30
0.99799;	33
0.99899;	774
1.00000;	3496

=========================

