===== Initial Buffer Size [s] (YouTube (WiFi)) =====
0.03093;	0.0
0.03166;	0.232
0.03216;	0.44
0.03682;	0.51
0.03805;	0.626
0.03878;	0.696
0.03927;	0.789
0.03976;	0.917
0.04271;	0.952
0.04418;	1.439
0.04467;	1.835
0.04516;	1.88
0.04811;	1.927
0.04909;	2.321
0.05032;	2.36
0.05400;	2.4
0.07781;	2.438
0.07904;	2.484
0.08444;	2.53
0.08787;	2.577
0.09008;	2.623
0.09327;	2.67
0.09597;	2.711
0.09892;	2.739
0.10972;	2.763
0.11119;	2.772
0.11757;	2.802
0.12175;	2.832
0.13427;	2.84
0.15194;	2.859
0.15317;	2.879
0.16593;	2.899
0.26632;	2.911
0.27295;	2.925
0.27442;	2.995
0.27541;	3.041
0.27614;	3.088
0.27884;	3.134
0.27958;	3.169
0.28277;	3.204
0.28375;	3.236
0.28473;	3.269
0.28670;	3.297
0.28743;	3.319
0.30412;	3.34
0.30854;	3.36
0.30903;	3.379
0.35518;	3.391
0.35567;	3.41
0.35665;	3.436
0.35739;	3.482
0.35837;	3.529
0.35911;	3.599
0.36254;	3.645
0.36426;	3.703
0.36598;	3.737
0.36672;	3.761
0.37752;	3.784
0.37997;	3.804
0.42710;	3.877
0.42808;	3.9
0.42980;	3.97
0.43029;	4.017
0.43127;	4.063
0.43225;	4.087
0.43495;	4.133
0.43618;	4.204
0.43716;	4.237
0.44502;	4.272
0.44723;	4.32
0.44919;	4.36
0.48184;	4.385
0.48233;	4.435
0.48306;	4.504
0.48625;	4.574
0.48675;	4.62
0.48822;	4.69
0.49853;	4.76
0.50000;	4.8
0.53633;	4.833
0.54443;	4.852
0.54492;	4.945
0.54590;	4.992
0.55155;	5.061
0.55253;	5.108
0.55376;	5.171
0.56186;	5.24
0.56382;	5.28
0.58689;	5.294
0.58738;	5.303
0.59107;	5.34
0.59205;	5.387
0.59278;	5.433
0.59573;	5.503
0.59622;	5.572
0.59671;	5.638
0.60236;	5.665
0.60309;	5.735
0.63058;	5.8
0.63402;	5.828
0.63500;	5.897
0.63672;	5.944
0.63819;	6.037
0.63868;	6.083
0.64188;	6.13
0.64286;	6.176
0.66274;	6.222
0.66397;	6.246
0.66789;	6.292
0.66863;	6.362
0.67010;	6.431
0.67059;	6.539
0.67403;	6.571
0.67452;	6.617
0.67649;	6.664
0.69244;	6.687
0.69514;	6.733
0.69563;	6.803
0.69637;	6.919
0.69710;	6.973
0.69759;	7.012
0.70177;	7.082
0.71429;	7.151
0.71748;	7.198
0.71870;	7.291
0.71919;	7.34
0.72067;	7.383
0.72165;	7.476
0.72410;	7.523
0.72459;	7.592
0.74129;	7.662
0.74227;	7.709
0.74300;	7.755
0.74423;	7.801
0.74620;	7.871
0.74718;	7.941
0.74890;	7.987
0.74939;	8.057
0.76338;	8.126
0.76510;	8.173
0.76559;	8.243
0.76632;	8.289
0.76681;	8.335
0.76829;	8.428
0.77933;	8.544
0.78056;	8.568
0.78301;	8.637
0.78424;	8.753
0.78498;	8.87
0.78743;	8.916
0.78841;	8.986
0.79872;	9.009
0.80044;	9.102
0.80093;	9.171
0.80167;	9.195
0.80388;	9.218
0.80437;	9.311
0.80560;	9.357
0.81689;	9.52
0.81738;	9.592
0.81885;	9.682
0.81983;	9.729
0.82081;	9.775
0.82351;	9.845
0.82450;	9.92
0.83873;	9.984
0.83922;	10.147
0.84021;	10.193
0.84094;	10.243
0.84291;	10.286
0.85346;	10.402
0.85739;	10.448
0.85812;	10.565
0.86009;	10.634
0.86082;	10.75
0.86156;	10.797
0.86942;	10.913
0.87138;	11.075
0.87236;	11.122
0.87334;	11.208
0.87457;	11.238
0.88193;	11.331
0.88292;	11.377
0.88341;	11.469
0.88390;	11.511
0.88463;	11.609
0.88660;	11.679
0.88758;	11.772
0.89470;	11.842
0.89519;	11.928
0.89666;	12.0
0.89740;	12.051
0.89838;	12.167
0.90525;	12.306
0.90574;	12.387
0.90623;	12.515
0.90820;	12.608
0.90869;	12.701
0.91237;	12.77
0.91433;	13.026
0.91507;	13.049
0.91728;	13.165
0.92194;	13.2
0.92415;	13.281
0.92464;	13.328
0.92587;	13.537
0.92685;	13.63
0.93127;	13.699
0.93250;	13.746
0.93299;	13.931
0.93397;	14.001
0.93446;	14.071
0.93864;	14.21
0.93913;	14.375
0.93962;	14.458
0.94060;	14.489
0.94379;	14.582
0.94453;	14.721
0.94526;	14.93
0.94845;	15.046
0.94894;	15.139
0.94944;	15.394
0.95287;	15.51
0.95336;	15.603
0.95410;	15.743
0.95484;	15.836
0.95680;	15.975
0.95754;	16.044
0.95827;	16.346
0.95950;	16.486
0.96073;	16.648
0.96146;	16.788
0.96269;	16.904
0.96367;	16.997
0.96441;	17.229
0.96490;	17.322
0.96735;	17.461
0.96784;	17.716
0.97030;	17.879
0.97104;	17.972
0.97202;	18.088
0.97374;	18.297
0.97423;	18.541
0.97496;	18.645
0.97570;	18.761
0.97619;	19.017
0.97840;	19.249
0.97938;	19.388
0.97987;	19.574
0.98085;	19.783
0.98159;	20.038
0.98257;	20.201
0.98331;	20.619
0.98405;	20.944
0.98625;	21.548
0.98675;	21.594
0.98748;	21.896
0.98871;	22.058
0.98994;	22.616
0.99165;	22.941
0.99239;	23.87
0.99313;	24.334
0.99362;	24.915
0.99435;	26.238
0.99534;	26.795
0.99583;	26.981
0.99632;	27.863
0.99705;	28.514
0.99755;	30.046
0.99804;	30.882
0.99853;	33.158
0.99902;	34.017
0.99951;	34.551
1.00000;	36.757

=========================

===== Initial Buffer Size [s] (YouTube (Cellular)) =====
0.02706;	0.0
0.02766;	0.069
0.02946;	0.464
0.03067;	0.92
0.03127;	0.952
0.03187;	1.137
0.03367;	1.439
0.03428;	1.625
0.03488;	1.868
0.03668;	1.927
0.03728;	2.252
0.03788;	2.275
0.03848;	2.298
0.03969;	2.321
0.04089;	2.36
0.04330;	2.391
0.04390;	2.4
0.06434;	2.414
0.06615;	2.438
0.06795;	2.461
0.06975;	2.484
0.07577;	2.507
0.08058;	2.53
0.08118;	2.546
0.08178;	2.55
0.08419;	2.554
0.08839;	2.577
0.09080;	2.6
0.09441;	2.623
0.09501;	2.647
0.09621;	2.67
0.09741;	2.69
0.10283;	2.693
0.10523;	2.711
0.11004;	2.716
0.11064;	2.736
0.11365;	2.739
0.11545;	2.752
0.13049;	2.763
0.13229;	2.769
0.13349;	2.786
0.13410;	2.789
0.13951;	2.802
0.14372;	2.809
0.14492;	2.822
0.14552;	2.829
0.14913;	2.832
0.15093;	2.836
0.17198;	2.84
0.19302;	2.856
0.19423;	2.859
0.19483;	2.875
0.19663;	2.879
0.22008;	2.88
0.22309;	2.899
0.33494;	2.902
0.33554;	2.915
0.33975;	2.922
0.34095;	2.925
0.34155;	2.942
0.34396;	2.948
0.34696;	2.972
0.34756;	2.995
0.34817;	3.018
0.35117;	3.041
0.35177;	3.065
0.35238;	3.131
0.35358;	3.134
0.35478;	3.157
0.35538;	3.177
0.35779;	3.181
0.36079;	3.204
0.36140;	3.227
0.36200;	3.236
0.36320;	3.274
0.36380;	3.297
0.36560;	3.303
0.37943;	3.32
0.38004;	3.336
0.38425;	3.36
0.41912;	3.39
0.42032;	3.41
0.42093;	3.436
0.42273;	3.459
0.42333;	3.552
0.42393;	3.599
0.42453;	3.628
0.42754;	3.645
0.42814;	3.668
0.42934;	3.691
0.42995;	3.703
0.43175;	3.737
0.43295;	3.738
0.43897;	3.784
0.44197;	3.8
0.44257;	3.808
0.44317;	3.833
0.44438;	3.84
0.48046;	3.877
0.48106;	3.9
0.48166;	3.947
0.48226;	3.993
0.48406;	4.017
0.48587;	4.109
0.48647;	4.133
0.48707;	4.17
0.48827;	4.204
0.48948;	4.226
0.49669;	4.249
0.49729;	4.272
0.49850;	4.28
0.49970;	4.32
0.50030;	4.333
0.50150;	4.342
0.50331;	4.36
0.52736;	4.365
0.52796;	4.385
0.52856;	4.388
0.52916;	4.435
0.53037;	4.574
0.53097;	4.62
0.53157;	4.667
0.53217;	4.671
0.53337;	4.69
0.53458;	4.704
0.53999;	4.713
0.54059;	4.736
0.54179;	4.76
0.54239;	4.8
0.56945;	4.829
0.57186;	4.852
0.57547;	5.038
0.57607;	5.085
0.57787;	5.131
0.57847;	5.171
0.58148;	5.178
0.58208;	5.266
0.58388;	5.28
0.58449;	5.291
0.60854;	5.294
0.60914;	5.333
0.60974;	5.363
0.61094;	5.479
0.61215;	5.503
0.61275;	5.549
0.61395;	5.605
0.61455;	5.638
0.61636;	5.642
0.61816;	5.72
0.63620;	5.758
0.63680;	5.766
0.63740;	5.781
0.63800;	5.804
0.63860;	5.828
0.63921;	5.921
0.63981;	5.964
0.64161;	5.967
0.64221;	5.99
0.64281;	6.06
0.64462;	6.106
0.64522;	6.199
0.66627;	6.222
0.66687;	6.246
0.66747;	6.315
0.66807;	6.381
0.66927;	6.431
0.67288;	6.571
0.67348;	6.594
0.67408;	6.617
0.67589;	6.64
0.67649;	6.664
0.69032;	6.687
0.69092;	6.733
0.69152;	6.757
0.69212;	6.849
0.69333;	6.873
0.69453;	6.896
0.69633;	6.942
0.69693;	6.973
0.69753;	7.012
0.70114;	7.035
0.70174;	7.082
0.70235;	7.133
0.71618;	7.151
0.71678;	7.198
0.71738;	7.267
0.71798;	7.291
0.71858;	7.314
0.71918;	7.337
0.71978;	7.36
0.72038;	7.43
0.72219;	7.5
0.72279;	7.546
0.73361;	7.616
0.73602;	7.639
0.73782;	7.662
0.73903;	7.755
0.73963;	7.825
0.74023;	7.848
0.74083;	7.918
0.74564;	7.964
0.74684;	7.987
0.74744;	8.01
0.74805;	8.057
0.74865;	8.066
0.76609;	8.08
0.76669;	8.103
0.76849;	8.126
0.76909;	8.216
0.76969;	8.266
0.77090;	8.289
0.77150;	8.359
0.77210;	8.382
0.77571;	8.428
0.77631;	8.452
0.77691;	8.533
0.78833;	8.544
0.78894;	8.637
0.78954;	8.684
0.79014;	8.717
0.79074;	8.777
0.79134;	8.842
0.79194;	8.87
0.79314;	8.893
0.79375;	8.916
0.80637;	9.009
0.80758;	9.217
0.80998;	9.218
0.81118;	9.241
0.81179;	9.309
0.81239;	9.311
0.81479;	9.357
0.81539;	9.375
0.81600;	9.427
0.83103;	9.473
0.83163;	9.543
0.83223;	9.613
0.83343;	9.682
0.83403;	9.729
0.83464;	9.809
0.83524;	9.822
0.83644;	9.891
0.84787;	9.938
0.84907;	9.961
0.84967;	9.984
0.85027;	10.077
0.85268;	10.147
0.85328;	10.286
0.85388;	10.309
0.85448;	10.356
0.85508;	10.4
0.86230;	10.402
0.86290;	10.425
0.86470;	10.448
0.86530;	10.495
0.86590;	10.593
0.86771;	10.611
0.86891;	10.681
0.86951;	10.704
0.87252;	10.75
0.87312;	10.774
0.88334;	10.866
0.88515;	11.075
0.88575;	11.192
0.88635;	11.215
0.88815;	11.238
0.89417;	11.331
0.89477;	11.377
0.89537;	11.4
0.89597;	11.517
0.89717;	11.679
0.89838;	11.772
0.90379;	11.795
0.90439;	11.842
0.90499;	12.004
0.90559;	12.097
0.90679;	12.167
0.91100;	12.26
0.91161;	12.345
0.91221;	12.353
0.91281;	12.399
0.91341;	12.445
0.91401;	12.538
0.91461;	12.561
0.91642;	12.608
0.91702;	12.654
0.91762;	12.678
0.92183;	12.724
0.92243;	12.733
0.92303;	12.747
0.92363;	12.794
0.92423;	12.817
0.92483;	12.933
0.92544;	12.979
0.92604;	13.072
0.92664;	13.119
0.92844;	13.188
0.92904;	13.281
0.92965;	13.52
0.93025;	13.537
0.93506;	13.653
0.93566;	13.931
0.93626;	13.955
0.93686;	13.978
0.93746;	13.98
0.93987;	14.117
0.94167;	14.164
0.94227;	14.187
0.94287;	14.21
0.94348;	14.373
0.94408;	14.447
0.94528;	14.466
0.94829;	14.582
0.94949;	14.628
0.95009;	14.639
0.95069;	14.675
0.95189;	14.86
0.95670;	15.046
0.95731;	15.139
0.95791;	15.464
0.95971;	15.51
0.96091;	15.603
0.96152;	15.673
0.96272;	15.766
0.96332;	15.812
0.96392;	15.975
0.96452;	16.068
0.96512;	16.091
0.96572;	16.253
0.96633;	16.277
0.96693;	16.323
0.96993;	16.439
0.97054;	16.555
0.97114;	16.904
0.97174;	16.927
0.97354;	16.997
0.97414;	17.113
0.97655;	17.368
0.97715;	17.461
0.97895;	17.832
0.97956;	17.902
0.98136;	17.925
0.98196;	18.204
0.98256;	18.297
0.98316;	18.552
0.98376;	19.04
0.98557;	19.226
0.98617;	19.365
0.98737;	19.69
0.98797;	20.154
0.98918;	20.619
0.98978;	20.967
0.99038;	21.08
0.99098;	21.104
0.99158;	21.78
0.99218;	22.012
0.99278;	22.476
0.99339;	23.127
0.99399;	23.243
0.99459;	23.382
0.99519;	23.754
0.99579;	24.055
0.99639;	24.357
0.99699;	24.682
0.99759;	24.775
0.99820;	25.007
0.99880;	26.192
0.99940;	28.305
1.00000;	39.775

=========================

===== Initial Buffer Size [s] (DTube (WiFi)) =====
0.01264;	0.0
0.01484;	0.51
0.01593;	0.952
0.01703;	1.514
0.01813;	1.741
0.01923;	1.904
0.02198;	1.95
0.02308;	2.048
0.02418;	2.09
0.02527;	2.113
0.02637;	2.154
0.02747;	2.197
0.02857;	2.228
0.02967;	2.252
0.03077;	2.282
0.03242;	2.304
0.03626;	2.345
0.03736;	2.353
0.04121;	2.391
0.04396;	2.432
0.04615;	2.438
0.05220;	2.454
0.05879;	2.474
0.06099;	2.488
0.06374;	2.502
0.08956;	2.507
0.11648;	2.517
0.11813;	2.519
0.14670;	2.53
0.14780;	2.533
0.15055;	2.537
0.16593;	2.54
0.16703;	2.55
0.16978;	2.553
0.19121;	2.555
0.21484;	2.56
0.21593;	2.574
0.24121;	2.577
0.25989;	2.596
0.27198;	2.6
0.28571;	2.602
0.28736;	2.618
0.28901;	2.621
0.33736;	2.624
0.33901;	2.63
0.34066;	2.638
0.35659;	2.646
0.37088;	2.648
0.37198;	2.651
0.37308;	2.661
0.37418;	2.664
0.39066;	2.667
0.39945;	2.67
0.40055;	2.68
0.40165;	2.686
0.41264;	2.69
0.42363;	2.701
0.44231;	2.716
0.44505;	2.729
0.45330;	2.732
0.46374;	2.739
0.46484;	2.75
0.47802;	2.752
0.47912;	2.762
0.48681;	2.771
0.49451;	2.782
0.49560;	2.785
0.50330;	2.793
0.50934;	2.8
0.51374;	2.809
0.52143;	2.816
0.52253;	2.829
0.52967;	2.833
0.53516;	2.837
0.53626;	2.848
0.54341;	2.857
0.55220;	2.871
0.55330;	2.878
0.56319;	2.88
0.56429;	2.893
0.56593;	2.899
0.58352;	2.902
0.59011;	2.922
0.59890;	2.942
0.60220;	2.944
0.61099;	2.965
0.61484;	2.972
0.62198;	2.995
0.62582;	3.008
0.63626;	3.029
0.63846;	3.041
0.64066;	3.05
0.64341;	3.065
0.64670;	3.072
0.64780;	3.084
0.65275;	3.093
0.65604;	3.111
0.65769;	3.134
0.65879;	3.144
0.66648;	3.178
0.66978;	3.181
0.67363;	3.203
0.67527;	3.22
0.68077;	3.227
0.68352;	3.242
0.68571;	3.263
0.68791;	3.27
0.69066;	3.275
0.69341;	3.29
0.69670;	3.306
0.69780;	3.32
0.69890;	3.327
0.70055;	3.343
0.70495;	3.366
0.70989;	3.39
0.71484;	3.413
0.71868;	3.436
0.71978;	3.459
0.72143;	3.477
0.72582;	3.498
0.72747;	3.506
0.73022;	3.549
0.73132;	3.575
0.73462;	3.598
0.73626;	3.605
0.73901;	3.626
0.74121;	3.648
0.74341;	3.669
0.74505;	3.691
0.74835;	3.715
0.75055;	3.738
0.75165;	3.755
0.75385;	3.784
0.75714;	3.808
0.75879;	3.819
0.75989;	3.83
0.76209;	3.832
0.76319;	3.859
0.76923;	3.877
0.77198;	3.904
0.77473;	3.925
0.77637;	3.947
0.77912;	3.968
0.78132;	3.989
0.78407;	4.017
0.78571;	4.086
0.78681;	4.096
0.79231;	4.117
0.79505;	4.133
0.79615;	4.15
0.79890;	4.159
0.80055;	4.181
0.80220;	4.226
0.80385;	4.265
0.80549;	4.272
0.80714;	4.288
0.80879;	4.309
0.81044;	4.33
0.81209;	4.352
0.81593;	4.388
0.81813;	4.416
0.81978;	4.435
0.82253;	4.458
0.82473;	4.501
0.82637;	4.522
0.82912;	4.586
0.83132;	4.62
0.83407;	4.643
0.83516;	4.667
0.83736;	4.693
0.83846;	4.714
0.84011;	4.757
0.84176;	4.778
0.84396;	4.8
0.84560;	4.821
0.84725;	4.852
0.84890;	4.898
0.85110;	4.902
0.85275;	4.945
0.85440;	5.015
0.85549;	5.038
0.85659;	5.085
0.85769;	5.108
0.85879;	5.16
0.86044;	5.178
0.86319;	5.226
0.86484;	5.269
0.86593;	5.294
0.86758;	5.32
0.86868;	5.35
0.86978;	5.361
0.87143;	5.433
0.87308;	5.479
0.87418;	5.504
0.87527;	5.526
0.87637;	5.568
0.87747;	5.586
0.87857;	5.641
0.87967;	5.717
0.88077;	5.732
0.88242;	5.758
0.88352;	5.781
0.88462;	5.804
0.88571;	5.845
0.88736;	5.874
0.88901;	5.93
0.89121;	5.947
0.89231;	6.013
0.89341;	6.083
0.89451;	6.122
0.89560;	6.208
0.89725;	6.293
0.89835;	6.431
0.89945;	6.478
0.90055;	6.524
0.90220;	6.57
0.90440;	6.594
0.90549;	6.656
0.90659;	6.71
0.90769;	6.78
0.90879;	6.869
0.90989;	6.896
0.91099;	6.954
0.91264;	7.012
0.91374;	7.058
0.91593;	7.128
0.91703;	7.198
0.91868;	7.291
0.92033;	7.36
0.92143;	7.424
0.92253;	7.594
0.92527;	7.662
0.92637;	7.755
0.92747;	7.895
0.92857;	8.064
0.92967;	8.164
0.93077;	8.196
0.93462;	8.266
0.93736;	8.289
0.93846;	8.405
0.93956;	8.428
0.94066;	8.498
0.94176;	8.568
0.94396;	8.614
0.94505;	8.683
0.94725;	8.707
0.94835;	8.753
0.94945;	8.853
0.95055;	9.032
0.95275;	9.218
0.95385;	9.386
0.95495;	9.705
0.95604;	9.729
0.95824;	10.1
0.95934;	10.216
0.96044;	10.379
0.96154;	10.496
0.96264;	10.56
0.96429;	10.666
0.96593;	10.816
0.96703;	10.88
0.96813;	10.922
0.96923;	11.007
0.97033;	11.541
0.97143;	11.702
0.97253;	11.882
0.97363;	11.933
0.97473;	11.989
0.97582;	12.205
0.97692;	12.629
0.97802;	12.91
0.97912;	13.421
0.98022;	13.537
0.98132;	13.966
0.98242;	14.25
0.98352;	14.657
0.98462;	14.976
0.98571;	15.116
0.98681;	15.263
0.98791;	15.87
0.98901;	16.085
0.99011;	16.811
0.99121;	18.041
0.99231;	18.761
0.99341;	20.758
0.99451;	21.71
0.99560;	23.312
0.99670;	23.916
0.99780;	25.962
0.99890;	29.442
1.00000;	113.359

=========================

===== Initial Buffer Size [s] (DTube (Cellular)) =====
0.00402;	0.0
0.00503;	0.48
0.00604;	0.812
0.00704;	0.859
0.00805;	1.088
0.00905;	1.114
0.01006;	1.184
0.01107;	1.322
0.01308;	1.621
0.01408;	1.648
0.01509;	1.671
0.01610;	1.685
0.01710;	1.787
0.01811;	1.856
0.02012;	1.857
0.02113;	1.898
0.02213;	1.973
0.02314;	1.984
0.02414;	2.09
0.02515;	2.112
0.02616;	2.154
0.02716;	2.182
0.02817;	2.197
0.02918;	2.261
0.03018;	2.275
0.03119;	2.304
0.03320;	2.321
0.03421;	2.346
0.03521;	2.389
0.03622;	2.391
0.03722;	2.41
0.03823;	2.414
0.03924;	2.42
0.04024;	2.431
0.04326;	2.432
0.04527;	2.453
0.05131;	2.461
0.05433;	2.484
0.06137;	2.496
0.06237;	2.5
0.06539;	2.502
0.07746;	2.507
0.07847;	2.513
0.07948;	2.515
0.08048;	2.516
0.11268;	2.517
0.11368;	2.518
0.11771;	2.522
0.11871;	2.527
0.11972;	2.528
0.14386;	2.53
0.14688;	2.535
0.14789;	2.536
0.15392;	2.537
0.17907;	2.538
0.18008;	2.542
0.18410;	2.55
0.18612;	2.553
0.20825;	2.554
0.20926;	2.556
0.21026;	2.557
0.21227;	2.558
0.22736;	2.56
0.22837;	2.564
0.22938;	2.573
0.23340;	2.574
0.23541;	2.576
0.26056;	2.577
0.26258;	2.579
0.28974;	2.581
0.29276;	2.597
0.30584;	2.6
0.30684;	2.601
0.32093;	2.602
0.32193;	2.603
0.32294;	2.62
0.35412;	2.623
0.37223;	2.624
0.37324;	2.625
0.37425;	2.626
0.37525;	2.629
0.37726;	2.635
0.38129;	2.643
0.39336;	2.645
0.41247;	2.647
0.41549;	2.665
0.44165;	2.666
0.44668;	2.67
0.44869;	2.686
0.44970;	2.687
0.46177;	2.688
0.46278;	2.69
0.47284;	2.693
0.47586;	2.707
0.48390;	2.709
0.48592;	2.713
0.49799;	2.716
0.51509;	2.73
0.52213;	2.739
0.52314;	2.749
0.52414;	2.75
0.54326;	2.752
0.54527;	2.762
0.55634;	2.763
0.55734;	2.769
0.55835;	2.771
0.57042;	2.773
0.57143;	2.776
0.57243;	2.782
0.57344;	2.783
0.58451;	2.786
0.58551;	2.791
0.59859;	2.794
0.59960;	2.805
0.60060;	2.806
0.60161;	2.809
0.60262;	2.814
0.61368;	2.816
0.61670;	2.832
0.61771;	2.835
0.61871;	2.836
0.62475;	2.837
0.62575;	2.839
0.62676;	2.855
0.63581;	2.856
0.63682;	2.857
0.64085;	2.858
0.64185;	2.875
0.64688;	2.879
0.65594;	2.88
0.65694;	2.899
0.66197;	2.901
0.67807;	2.902
0.68008;	2.912
0.69014;	2.922
0.70020;	2.925
0.70121;	2.942
0.70624;	2.944
0.71429;	2.948
0.71630;	2.965
0.71831;	2.972
0.72636;	2.986
0.72736;	2.991
0.73441;	2.995
0.73642;	3.008
0.74346;	3.018
0.74849;	3.029
0.75050;	3.041
0.75151;	3.047
0.75252;	3.05
0.75453;	3.065
0.75553;	3.069
0.76056;	3.072
0.76358;	3.088
0.76660;	3.093
0.76761;	3.11
0.77163;	3.111
0.77565;	3.114
0.77968;	3.134
0.78370;	3.136
0.78974;	3.157
0.79074;	3.162
0.79175;	3.166
0.79477;	3.178
0.79577;	3.179
0.79779;	3.199
0.80181;	3.2
0.80584;	3.204
0.80785;	3.221
0.80986;	3.227
0.81087;	3.242
0.81590;	3.25
0.81690;	3.263
0.81791;	3.264
0.81891;	3.273
0.81992;	3.285
0.82093;	3.293
0.82193;	3.297
0.82495;	3.306
0.82797;	3.32
0.82998;	3.328
0.83099;	3.331
0.83199;	3.34
0.83501;	3.37
0.83903;	3.39
0.84004;	3.412
0.84205;	3.413
0.84306;	3.431
0.84507;	3.434
0.84608;	3.436
0.84708;	3.482
0.84809;	3.495
0.84909;	3.506
0.85010;	3.519
0.85211;	3.52
0.85412;	3.529
0.85513;	3.552
0.85614;	3.558
0.85815;	3.562
0.85915;	3.581
0.86016;	3.584
0.86217;	3.599
0.86318;	3.618
0.86419;	3.619
0.86519;	3.669
0.86620;	3.689
0.86720;	3.69
0.86821;	3.711
0.86922;	3.712
0.87022;	3.715
0.87324;	3.733
0.87425;	3.737
0.87525;	3.753
0.87726;	3.761
0.87827;	3.776
0.87928;	3.784
0.88028;	3.797
0.88129;	3.808
0.88330;	3.818
0.88632;	3.861
0.88934;	3.877
0.89034;	3.882
0.89135;	3.9
0.89235;	3.925
0.89336;	3.946
0.89437;	3.947
0.89537;	3.966
0.89738;	4.01
0.89839;	4.032
0.89940;	4.04
0.90040;	4.051
0.90141;	4.074
0.90241;	4.086
0.90342;	4.117
0.90443;	4.133
0.90543;	4.156
0.90644;	4.202
0.90744;	4.222
0.90845;	4.245
0.90946;	4.287
0.91046;	4.295
0.91147;	4.365
0.91247;	4.385
0.91449;	4.435
0.91549;	4.437
0.91751;	4.458
0.91851;	4.48
0.91952;	4.501
0.92052;	4.586
0.92153;	4.629
0.92254;	4.757
0.92354;	4.76
0.92455;	4.806
0.92555;	4.829
0.92656;	4.922
0.92757;	4.945
0.92857;	5.056
0.92958;	5.061
0.93058;	5.085
0.93159;	5.108
0.93260;	5.184
0.93360;	5.205
0.93461;	5.224
0.93561;	5.269
0.93662;	5.317
0.93863;	5.333
0.93964;	5.354
0.94064;	5.456
0.94165;	5.479
0.94266;	5.546
0.94366;	5.549
0.94467;	5.572
0.94567;	5.632
0.94668;	5.639
0.94869;	5.653
0.94970;	5.665
0.95070;	5.712
0.95171;	5.779
0.95272;	5.944
0.95372;	5.952
0.95473;	5.967
0.95573;	5.973
0.95674;	6.06
0.95775;	6.106
0.95875;	6.153
0.95976;	6.186
0.96076;	6.208
0.96177;	6.222
0.96278;	6.229
0.96378;	6.315
0.96479;	6.479
0.96579;	6.933
0.96680;	6.965
0.96781;	6.976
0.96881;	6.989
0.96982;	7.146
0.97082;	7.317
0.97183;	7.338
0.97284;	7.407
0.97485;	7.546
0.97586;	7.722
0.97686;	7.914
0.97887;	7.941
0.97988;	8.445
0.98089;	8.554
0.98189;	8.725
0.98290;	8.846
0.98390;	8.853
0.98491;	9.173
0.98592;	9.613
0.98692;	9.822
0.98793;	10.147
0.98893;	10.356
0.98994;	11.029
0.99095;	11.989
0.99195;	12.01
0.99296;	12.181
0.99396;	12.206
0.99497;	14.419
0.99598;	16.618
0.99698;	16.857
0.99799;	22.523
0.99899;	25.92
1.00000;	27.631

=========================

