===== IP Path Length (YouTube (WiFi)) =====
0.02826;	6.0
0.05128;	7.0
0.06253;	8.0
0.44584;	9.0
0.93851;	10.0
0.94165;	11.0
0.94270;	12.0
0.94375;	13.0
0.98482;	16.0
0.98535;	17.0
0.98587;	18.0
1.00000;	21.0

=========================

===== IP Path Length (YouTube (Cellular)) =====
0.12441;	7.0
0.12912;	8.0
0.14986;	9.0
0.85957;	10.0
0.88690;	11.0
0.89821;	14.0
0.90575;	15.0
0.99811;	16.0
0.99906;	17.0
1.00000;	21.0

=========================

===== IP Path Length (DTube (WiFi)) =====
0.00900;	9.0
0.04627;	10.0
0.19730;	11.0
0.48843;	12.0
0.73329;	13.0
0.81298;	14.0
0.88303;	15.0
0.90296;	16.0
0.94023;	17.0
0.98907;	18.0
1.00000;	19.0

=========================

===== IP Path Length (DTube (Cellular)) =====
0.29811;	11.0
0.64984;	12.0
0.78864;	13.0
0.81861;	14.0
0.82334;	15.0
0.88959;	18.0
0.94637;	19.0
1.00000;	20.0

=========================

