===== Load Duration [s] (YouTube (WiFi)) =====
0.00025;	0.187
0.00123;	0.479
0.00221;	0.597
0.00319;	0.749
0.00417;	0.827
0.00515;	0.956
0.00614;	1.029
0.00712;	1.089
0.00835;	1.193
0.00933;	1.296
0.01031;	1.335
0.01129;	1.488
0.01227;	1.698
0.01325;	1.835
0.01424;	1.921
0.01522;	2.082
0.01620;	2.402
0.01718;	2.442
0.01816;	2.54
0.01915;	2.843
0.02037;	2.992
0.02135;	3.648
0.02234;	6.004
0.02332;	36.857
0.02430;	38.082
0.02528;	38.623
0.02626;	39.163
0.02725;	39.351
0.02823;	39.746
0.02921;	40.106
0.03019;	40.565
0.03117;	41.304
0.03216;	41.509
0.03314;	42.06
0.03412;	43.264
0.03510;	44.039
0.03608;	45.067
0.03706;	46.224
0.03805;	47.297
0.03903;	47.715
0.04001;	48.193
0.04099;	50.724
0.04197;	52.911
0.04320;	53.42
0.04418;	54.006
0.04516;	59.235
0.04615;	60.21
0.04713;	60.221
0.04811;	60.237
0.04909;	60.252
0.05032;	60.271
0.05155;	60.283
0.05302;	60.288
0.05547;	60.293
0.05768;	60.299
0.05965;	60.303
0.06186;	60.307
0.06456;	60.311
0.06848;	60.315
0.07266;	60.319
0.07413;	60.323
0.07806;	60.327
0.08051;	60.331
0.08640;	60.335
0.08910;	60.339
0.09450;	60.343
0.09843;	60.347
0.10187;	60.351
0.10825;	60.355
0.11389;	60.359
0.12003;	60.363
0.12764;	60.367
0.13525;	60.371
0.14359;	60.375
0.15292;	60.379
0.16151;	60.383
0.17158;	60.387
0.18238;	60.391
0.19416;	60.395
0.20201;	60.399
0.21502;	60.403
0.22582;	60.407
0.23908;	60.411
0.25135;	60.415
0.26485;	60.419
0.27860;	60.423
0.29406;	60.427
0.31051;	60.431
0.32302;	60.435
0.34413;	60.439
0.35616;	60.443
0.36991;	60.447
0.38684;	60.451
0.40378;	60.455
0.42145;	60.459
0.43520;	60.463
0.44821;	60.467
0.46220;	60.471
0.47324;	60.475
0.48994;	60.479
0.50368;	60.483
0.51571;	60.487
0.52774;	60.491
0.53780;	60.495
0.54786;	60.499
0.55940;	60.503
0.56946;	60.507
0.58076;	60.511
0.59278;	60.515
0.60309;	60.519
0.61291;	60.523
0.62052;	60.527
0.63108;	60.531
0.63942;	60.535
0.64801;	60.539
0.65734;	60.543
0.66544;	60.547
0.67452;	60.551
0.68262;	60.555
0.69146;	60.559
0.69661;	60.563
0.70349;	60.567
0.70913;	60.571
0.71625;	60.575
0.72116;	60.579
0.72779;	60.583
0.73319;	60.587
0.74104;	60.591
0.74595;	60.595
0.75282;	60.599
0.75822;	60.603
0.76362;	60.607
0.76976;	60.611
0.77344;	60.615
0.77933;	60.619
0.78400;	60.623
0.78768;	60.627
0.79283;	60.631
0.79750;	60.635
0.80069;	60.639
0.80461;	60.643
0.81026;	60.647
0.81394;	60.651
0.81713;	60.655
0.82204;	60.659
0.82572;	60.663
0.82916;	60.668
0.83186;	60.672
0.83456;	60.676
0.83702;	60.68
0.83972;	60.684
0.84315;	60.688
0.84585;	60.692
0.85052;	60.698
0.85199;	60.702
0.85346;	60.706
0.85641;	60.711
0.86082;	60.715
0.86451;	60.719
0.86794;	60.724
0.87015;	60.728
0.87285;	60.733
0.87482;	60.737
0.87899;	60.741
0.88022;	60.745
0.88439;	60.75
0.88709;	60.754
0.89077;	60.758
0.89298;	60.762
0.89568;	60.767
0.89789;	60.771
0.90083;	60.775
0.90280;	60.779
0.90403;	60.786
0.90722;	60.79
0.91090;	60.794
0.91262;	60.8
0.91409;	60.806
0.91605;	60.81
0.91851;	60.816
0.92121;	60.82
0.92293;	60.827
0.92514;	60.835
0.92734;	60.84
0.92833;	60.844
0.93078;	60.851
0.93274;	60.856
0.93373;	60.861
0.93544;	60.865
0.93692;	60.87
0.93814;	60.879
0.94011;	60.883
0.94109;	60.891
0.94232;	60.9
0.94354;	60.91
0.94551;	60.916
0.94674;	60.923
0.94845;	60.929
0.95091;	60.934
0.95238;	60.943
0.95336;	60.949
0.95459;	60.954
0.95655;	60.962
0.95754;	60.971
0.95901;	60.981
0.95999;	60.987
0.96146;	61.004
0.96269;	61.016
0.96392;	61.02
0.96490;	61.029
0.96613;	61.039
0.96735;	61.048
0.96858;	61.057
0.96981;	61.067
0.97079;	61.084
0.97177;	61.109
0.97300;	61.122
0.97398;	61.138
0.97521;	61.15
0.97619;	61.164
0.97717;	61.176
0.97840;	61.196
0.97938;	61.225
0.98036;	61.275
0.98135;	61.309
0.98233;	61.339
0.98331;	61.367
0.98429;	61.401
0.98552;	61.468
0.98650;	61.544
0.98748;	61.569
0.98846;	61.629
0.98945;	61.761
0.99043;	61.909
0.99141;	62.018
0.99239;	62.172
0.99337;	62.308
0.99435;	62.633
0.99534;	62.864
0.99632;	63.642
0.99730;	64.544
0.99828;	65.812
0.99926;	160.709

=========================

===== Load Duration [s] (YouTube (Cellular)) =====
0.00060;	0.4
0.00301;	0.563
0.00541;	0.664
0.00782;	0.8
0.01022;	0.864
0.01263;	1.009
0.01503;	1.302
0.01744;	1.891
0.01984;	3.368
0.02225;	5.694
0.02465;	8.97
0.02706;	13.637
0.02946;	26.983
0.03187;	36.511
0.03428;	39.021
0.03668;	40.729
0.03909;	41.119
0.04149;	42.083
0.04390;	43.841
0.04630;	44.847
0.04871;	46.981
0.05111;	48.945
0.05352;	49.766
0.05592;	52.485
0.05833;	58.16
0.06073;	60.262
0.06374;	60.308
0.06615;	60.331
0.06855;	60.353
0.07276;	60.362
0.07757;	60.369
0.08058;	60.374
0.08419;	60.378
0.08719;	60.383
0.09020;	60.387
0.09381;	60.394
0.09741;	60.399
0.10162;	60.403
0.10764;	60.408
0.11425;	60.412
0.11906;	60.416
0.12748;	60.42
0.13710;	60.424
0.14853;	60.428
0.15454;	60.432
0.15875;	60.436
0.17138;	60.44
0.17799;	60.444
0.18641;	60.448
0.19904;	60.453
0.20445;	60.457
0.21227;	60.461
0.21948;	60.465
0.22730;	60.469
0.23572;	60.473
0.24534;	60.477
0.25316;	60.481
0.26218;	60.485
0.27360;	60.489
0.27962;	60.493
0.28623;	60.497
0.29585;	60.501
0.30367;	60.505
0.31630;	60.509
0.32652;	60.513
0.33434;	60.517
0.34275;	60.521
0.34636;	60.525
0.35658;	60.529
0.36621;	60.533
0.37823;	60.537
0.38906;	60.541
0.40108;	60.545
0.41251;	60.549
0.42574;	60.553
0.43716;	60.558
0.44678;	60.562
0.46001;	60.567
0.47324;	60.571
0.48286;	60.575
0.49188;	60.579
0.50451;	60.583
0.51173;	60.587
0.52014;	60.591
0.52556;	60.595
0.53397;	60.6
0.54179;	60.604
0.55021;	60.608
0.55743;	60.612
0.56164;	60.616
0.56645;	60.621
0.57486;	60.625
0.58569;	60.629
0.59230;	60.633
0.59952;	60.637
0.60493;	60.642
0.61094;	60.646
0.61636;	60.65
0.62237;	60.656
0.62959;	60.66
0.63620;	60.666
0.64342;	60.67
0.65183;	60.674
0.65725;	60.68
0.66206;	60.684
0.66687;	60.688
0.66927;	60.692
0.67168;	60.696
0.67769;	60.703
0.68370;	60.708
0.69212;	60.712
0.69633;	60.716
0.69994;	60.722
0.70655;	60.727
0.71016;	60.734
0.71317;	60.738
0.71858;	60.743
0.72219;	60.752
0.72640;	60.756
0.72940;	60.76
0.73301;	60.766
0.73963;	60.771
0.74384;	60.779
0.74805;	60.786
0.75165;	60.794
0.75466;	60.798
0.75887;	60.806
0.76188;	60.812
0.76548;	60.818
0.76909;	60.824
0.77270;	60.828
0.77511;	60.838
0.77811;	60.846
0.78292;	60.851
0.78533;	60.857
0.78773;	60.863
0.79074;	60.872
0.79435;	60.88
0.79735;	60.886
0.80156;	60.896
0.80577;	60.903
0.80998;	60.913
0.81359;	60.921
0.81600;	60.931
0.81960;	60.945
0.82201;	60.95
0.82502;	60.958
0.82862;	60.965
0.83163;	60.979
0.83464;	60.992
0.83704;	61.009
0.83945;	61.027
0.84185;	61.035
0.84486;	61.044
0.84726;	61.052
0.84967;	61.062
0.85207;	61.066
0.85508;	61.074
0.85749;	61.086
0.86049;	61.098
0.86290;	61.109
0.86590;	61.118
0.86831;	61.135
0.87132;	61.154
0.87432;	61.204
0.87673;	61.219
0.87974;	61.232
0.88214;	61.257
0.88515;	61.279
0.88815;	61.295
0.89176;	61.317
0.89417;	61.334
0.89657;	61.357
0.89898;	61.375
0.90138;	61.422
0.90379;	61.442
0.90619;	61.516
0.90860;	61.533
0.91100;	61.582
0.91341;	61.652
0.91581;	61.69
0.91822;	61.767
0.92063;	61.812
0.92303;	61.858
0.92544;	61.881
0.92784;	61.908
0.93025;	62.002
0.93265;	62.069
0.93506;	62.172
0.93746;	62.302
0.93987;	62.457
0.94227;	62.541
0.94468;	62.63
0.94708;	62.794
0.94949;	62.986
0.95189;	63.017
0.95430;	63.353
0.95670;	63.836
0.95911;	64.01
0.96152;	64.375
0.96392;	64.722
0.96633;	64.89
0.96873;	65.261
0.97114;	65.598
0.97354;	66.016
0.97595;	66.436
0.97835;	66.659
0.98076;	67.168
0.98316;	67.694
0.98557;	68.259
0.98797;	70.302
0.99038;	72.199
0.99278;	76.356
0.99519;	80.782
0.99759;	87.156
1.00000;	105.607

=========================

===== Load Duration [s] (DTube (WiFi)) =====
0.00055;	0.241
0.00275;	1.026
0.00495;	1.179
0.00714;	1.72
0.00989;	2.437
0.01209;	2.553
0.01429;	2.806
0.01648;	3.13
0.01868;	3.49
0.02088;	4.01
0.02308;	5.692
0.02527;	6.943
0.02747;	9.014
0.02967;	10.499
0.03187;	13.114
0.03407;	21.736
0.03626;	37.116
0.03846;	38.806
0.04066;	39.458
0.04286;	41.088
0.04505;	41.569
0.04725;	42.271
0.04945;	42.667
0.05165;	43.51
0.05385;	43.93
0.05604;	44.831
0.05824;	46.431
0.06044;	47.026
0.06264;	47.441
0.06484;	50.907
0.06703;	54.002
0.06923;	58.686
0.07143;	60.155
0.07363;	60.17
0.07582;	60.179
0.07967;	60.186
0.08407;	60.192
0.08846;	60.197
0.09396;	60.203
0.09890;	60.207
0.10330;	60.213
0.10714;	60.217
0.11538;	60.221
0.12033;	60.225
0.12418;	60.229
0.13077;	60.233
0.13956;	60.237
0.14725;	60.241
0.15275;	60.245
0.16044;	60.249
0.16923;	60.253
0.17747;	60.257
0.18681;	60.261
0.19945;	60.265
0.21264;	60.269
0.22582;	60.273
0.24121;	60.277
0.26538;	60.281
0.27747;	60.285
0.29396;	60.289
0.30824;	60.293
0.32363;	60.297
0.34725;	60.301
0.36154;	60.305
0.37802;	60.309
0.39341;	60.313
0.40220;	60.317
0.41044;	60.321
0.42088;	60.325
0.43187;	60.329
0.44505;	60.333
0.45385;	60.337
0.46319;	60.341
0.47143;	60.345
0.48022;	60.349
0.48956;	60.353
0.49670;	60.357
0.50604;	60.361
0.51484;	60.365
0.52747;	60.369
0.53462;	60.373
0.54066;	60.377
0.54890;	60.382
0.55604;	60.386
0.56154;	60.39
0.56868;	60.394
0.57637;	60.398
0.58352;	60.402
0.59066;	60.407
0.59670;	60.412
0.60055;	60.416
0.60385;	60.42
0.60989;	60.424
0.61484;	60.428
0.61923;	60.432
0.62692;	60.436
0.63352;	60.441
0.64176;	60.446
0.64670;	60.45
0.65110;	60.457
0.65495;	60.461
0.65934;	60.465
0.66538;	60.472
0.67308;	60.476
0.67912;	60.48
0.68571;	60.484
0.69231;	60.489
0.69670;	60.494
0.70000;	60.498
0.70385;	60.502
0.70824;	60.506
0.71374;	60.513
0.71978;	60.517
0.72473;	60.523
0.72912;	60.527
0.73297;	60.531
0.73681;	60.536
0.73956;	60.54
0.74396;	60.545
0.74670;	60.549
0.75110;	60.554
0.75330;	60.561
0.75549;	60.567
0.75989;	60.571
0.76538;	60.576
0.77088;	60.582
0.77363;	60.587
0.77637;	60.595
0.77967;	60.601
0.78297;	60.61
0.78516;	60.616
0.79011;	60.622
0.79231;	60.628
0.79505;	60.634
0.79780;	60.639
0.80000;	60.644
0.80440;	60.653
0.80769;	60.657
0.81099;	60.666
0.81429;	60.67
0.81703;	60.682
0.82033;	60.688
0.82308;	60.695
0.82637;	60.699
0.83022;	60.706
0.83462;	60.716
0.83681;	60.726
0.83956;	60.733
0.84176;	60.737
0.84505;	60.743
0.84890;	60.756
0.85110;	60.763
0.85385;	60.771
0.85714;	60.792
0.85934;	60.805
0.86264;	60.813
0.86484;	60.823
0.86758;	60.829
0.86978;	60.835
0.87308;	60.85
0.87582;	60.865
0.87802;	60.875
0.88022;	60.882
0.88242;	60.895
0.88516;	60.911
0.88791;	60.917
0.89066;	60.934
0.89286;	60.949
0.89560;	60.972
0.89780;	60.984
0.90000;	61.0
0.90275;	61.024
0.90549;	61.044
0.90769;	61.063
0.91044;	61.076
0.91264;	61.089
0.91538;	61.116
0.91758;	61.158
0.91978;	61.197
0.92198;	61.22
0.92418;	61.234
0.92637;	61.281
0.92857;	61.296
0.93077;	61.342
0.93297;	61.378
0.93516;	61.401
0.93736;	61.418
0.93956;	61.431
0.94231;	61.478
0.94505;	61.492
0.94725;	61.573
0.95000;	61.658
0.95220;	61.706
0.95440;	61.731
0.95659;	61.782
0.95879;	61.854
0.96099;	61.957
0.96319;	62.035
0.96538;	62.076
0.96758;	62.306
0.96978;	62.421
0.97253;	62.55
0.97473;	62.767
0.97692;	62.832
0.97912;	62.982
0.98132;	63.21
0.98352;	63.399
0.98571;	63.65
0.98791;	64.14
0.99011;	64.873
0.99231;	65.838
0.99451;	73.331
0.99670;	150.876
0.99890;	489.864

=========================

===== Load Duration [s] (DTube (Cellular)) =====
0.00101;	0.798
0.00402;	1.527
0.00704;	1.965
0.01107;	2.425
0.01408;	2.672
0.01710;	2.818
0.02012;	3.163
0.02314;	3.662
0.02616;	5.066
0.02918;	7.096
0.03219;	11.022
0.03521;	17.405
0.03823;	23.195
0.04125;	39.882
0.04427;	41.147
0.04728;	44.446
0.05030;	45.884
0.05332;	51.652
0.05634;	54.142
0.05936;	59.342
0.06237;	60.17
0.06640;	60.185
0.06942;	60.197
0.07344;	60.204
0.07646;	60.208
0.08048;	60.213
0.08551;	60.218
0.08853;	60.221
0.09457;	60.227
0.09960;	60.232
0.10765;	60.235
0.11469;	60.24
0.12575;	60.244
0.13179;	60.247
0.14588;	60.25
0.15493;	60.253
0.16398;	60.256
0.17002;	60.259
0.18008;	60.262
0.18913;	60.265
0.19920;	60.268
0.20926;	60.271
0.22233;	60.274
0.22736;	60.277
0.23239;	60.28
0.23944;	60.284
0.24547;	60.288
0.25252;	60.292
0.26358;	60.296
0.26861;	60.299
0.27968;	60.302
0.28370;	60.305
0.29074;	60.308
0.29678;	60.311
0.30080;	60.314
0.30885;	60.319
0.31590;	60.322
0.32394;	60.325
0.33099;	60.329
0.33702;	60.333
0.34507;	60.336
0.35211;	60.339
0.36016;	60.342
0.36720;	60.349
0.37223;	60.352
0.37626;	60.355
0.38330;	60.358
0.38934;	60.361
0.39437;	60.364
0.40040;	60.367
0.40342;	60.371
0.41046;	60.374
0.41952;	60.378
0.42455;	60.384
0.42757;	60.387
0.43159;	60.39
0.43561;	60.396
0.43964;	60.401
0.44266;	60.405
0.44970;	60.409
0.45372;	60.413
0.45875;	60.417
0.46177;	60.42
0.46579;	60.423
0.47183;	60.427
0.47586;	60.431
0.47988;	60.434
0.48390;	60.438
0.48793;	60.441
0.49698;	60.445
0.50704;	60.45
0.51207;	60.453
0.51710;	60.457
0.52113;	60.46
0.52515;	60.463
0.53018;	60.466
0.53421;	60.472
0.53924;	60.476
0.54427;	60.482
0.54829;	60.486
0.55231;	60.489
0.55634;	60.499
0.56036;	60.502
0.56539;	60.511
0.57042;	60.519
0.57445;	60.522
0.57746;	60.527
0.58249;	60.53
0.58551;	60.533
0.59054;	60.536
0.59457;	60.545
0.59960;	60.553
0.60463;	60.557
0.61268;	60.562
0.61771;	60.566
0.62173;	60.573
0.62575;	60.579
0.62877;	60.59
0.63380;	60.598
0.63783;	60.604
0.64286;	60.608
0.64789;	60.612
0.65091;	60.615
0.65392;	60.62
0.65795;	60.628
0.66197;	60.636
0.66499;	60.641
0.67002;	60.649
0.67404;	60.655
0.67807;	60.66
0.68109;	60.672
0.68410;	60.681
0.68712;	60.687
0.69115;	60.704
0.69416;	60.713
0.69819;	60.725
0.70221;	60.733
0.70523;	60.744
0.70825;	60.75
0.71328;	60.761
0.71630;	60.773
0.72032;	60.782
0.72334;	60.792
0.72636;	60.799
0.72938;	60.803
0.73239;	60.816
0.73642;	60.822
0.73944;	60.835
0.74245;	60.842
0.74547;	60.853
0.74849;	60.868
0.75151;	60.878
0.75654;	60.889
0.75956;	60.897
0.76459;	60.905
0.76962;	60.922
0.77264;	60.936
0.77565;	60.96
0.77867;	60.968
0.78169;	60.983
0.78571;	60.994
0.78873;	61.006
0.79276;	61.016
0.79577;	61.055
0.79879;	61.069
0.80282;	61.085
0.80584;	61.095
0.80885;	61.115
0.81187;	61.133
0.81489;	61.143
0.81891;	61.155
0.82193;	61.163
0.82495;	61.173
0.82897;	61.203
0.83199;	61.229
0.83501;	61.234
0.83903;	61.249
0.84205;	61.254
0.84507;	61.275
0.84809;	61.298
0.85111;	61.321
0.85412;	61.334
0.85714;	61.359
0.86016;	61.378
0.86318;	61.4
0.86620;	61.438
0.86922;	61.456
0.87223;	61.474
0.87525;	61.499
0.87928;	61.513
0.88229;	61.525
0.88632;	61.548
0.88934;	61.572
0.89235;	61.623
0.89537;	61.671
0.89839;	61.734
0.90141;	61.769
0.90443;	61.81
0.90744;	61.86
0.91147;	61.864
0.91449;	61.986
0.91751;	62.022
0.92052;	62.045
0.92354;	62.148
0.92656;	62.241
0.92958;	62.265
0.93260;	62.409
0.93561;	62.513
0.93863;	62.704
0.94165;	62.912
0.94467;	62.977
0.94769;	63.039
0.95070;	63.3
0.95372;	63.558
0.95674;	63.707
0.95976;	63.839
0.96278;	63.913
0.96579;	64.148
0.96881;	64.551
0.97183;	65.213
0.97485;	65.616
0.97787;	66.181
0.98089;	66.416
0.98390;	66.837
0.98692;	67.471
0.98994;	68.531
0.99296;	68.717
0.99598;	71.183
0.99899;	77.128

=========================

