===== MiB loaded (YouTube (WiFi)) =====
0.00025;	0.20928
0.00491;	1.82088
0.01006;	2.55631
0.01522;	3.02518
0.02160;	4.00091
0.02602;	4.0116
0.03191;	4.57463
0.03927;	5.00134
0.04418;	5.00225
0.05081;	5.00352
0.05916;	5.00522
0.06480;	5.00707
0.07143;	5.01179
0.07634;	5.01781
0.08223;	5.02504
0.08812;	5.04325
0.09377;	5.07779
0.09917;	5.5877
0.10432;	6.0038
0.10898;	6.00631
0.11659;	6.00878
0.12101;	6.01098
0.12592;	6.01487
0.13108;	6.01967
0.13770;	6.03195
0.14458;	6.04324
0.14850;	6.09196
0.15366;	6.52876
0.15930;	7.00508
0.16495;	7.00642
0.17035;	7.00777
0.17452;	7.00913
0.17992;	7.01015
0.18409;	7.01243
0.18900;	7.014
0.19539;	7.0167
0.20054;	7.01883
0.20692;	7.02108
0.21306;	7.02468
0.21846;	7.03003
0.22509;	7.03544
0.23024;	7.04164
0.23564;	7.0555
0.24030;	7.07402
0.24472;	7.16388
0.24963;	7.82428
0.25528;	8.00724
0.25945;	8.00905
0.26559;	8.01083
0.27000;	8.01201
0.27590;	8.01421
0.28081;	8.01618
0.28547;	8.0176
0.29136;	8.01978
0.29676;	8.02402
0.30142;	8.02917
0.30658;	8.03416
0.31296;	8.03954
0.31910;	8.05049
0.32401;	8.06522
0.32793;	8.10126
0.33284;	8.48185
0.33726;	9.006
0.34413;	9.0118
0.35027;	9.01417
0.35469;	9.01603
0.36107;	9.01728
0.36696;	9.02186
0.37212;	9.02521
0.37801;	9.02832
0.38169;	9.03119
0.38586;	9.03564
0.39077;	9.04283
0.39666;	9.05025
0.40059;	9.06954
0.40476;	9.30858
0.41065;	10.01337
0.41458;	10.01827
0.41900;	10.02118
0.42415;	10.02311
0.42955;	10.02962
0.43471;	10.03382
0.44330;	10.03902
0.44821;	10.0434
0.45238;	10.05037
0.45778;	10.06586
0.46318;	10.07599
0.46883;	10.09634
0.47398;	10.15588
0.47791;	10.32521
0.48184;	11.01777
0.48650;	11.02477
0.49141;	11.02898
0.49607;	11.03325
0.50172;	11.03765
0.50663;	11.0435
0.51227;	11.05037
0.51767;	11.05488
0.52234;	11.06244
0.52676;	11.07307
0.53044;	11.09515
0.53510;	11.13476
0.54001;	11.359
0.54394;	12.02437
0.54811;	12.03234
0.55253;	12.03724
0.55793;	12.04469
0.56357;	12.0518
0.56750;	12.05908
0.57167;	12.06697
0.57609;	12.0787
0.58272;	12.10006
0.58665;	12.12614
0.59131;	12.20716
0.59696;	13.02906
0.60211;	13.03621
0.60727;	13.04837
0.61168;	13.05947
0.61610;	13.07127
0.62150;	13.09057
0.62641;	13.12598
0.63058;	13.20002
0.63525;	13.99459
0.63942;	14.04206
0.64433;	14.05403
0.64875;	14.06352
0.65341;	14.06963
0.65979;	14.07803
0.66446;	14.11458
0.67035;	14.15667
0.67526;	14.42554
0.67894;	15.04708
0.68311;	15.05787
0.68729;	15.07353
0.69195;	15.0833
0.69588;	15.11723
0.70054;	15.18297
0.70545;	15.26734
0.71060;	16.05298
0.71600;	16.07244
0.72067;	16.08888
0.72656;	16.10627
0.73171;	16.12488
0.73613;	16.15658
0.73981;	16.23034
0.74350;	16.40776
0.74865;	17.06839
0.75258;	17.08301
0.75896;	17.10705
0.76362;	17.13555
0.76755;	17.19457
0.77172;	17.46251
0.77639;	18.07557
0.78179;	18.10471
0.78645;	18.15354
0.79308;	18.22422
0.79701;	18.52834
0.80142;	19.08561
0.80609;	19.11842
0.81001;	19.1546
0.81419;	19.32495
0.81934;	19.96537
0.82327;	20.10566
0.82695;	20.15921
0.83112;	20.23235
0.83554;	20.5621
0.83947;	21.11295
0.84413;	21.17242
0.84880;	21.22515
0.85322;	21.32741
0.85837;	22.1213
0.86254;	22.16376
0.86622;	22.20317
0.87089;	22.30287
0.87555;	22.42685
0.87997;	23.13498
0.88390;	23.18352
0.88783;	23.24732
0.89224;	23.30188
0.89593;	23.40174
0.90059;	24.12343
0.90599;	24.17716
0.90967;	24.20004
0.91335;	24.2563
0.91753;	24.31612
0.92121;	24.39679
0.92563;	25.14213
0.92906;	25.19452
0.93299;	25.23912
0.93765;	25.29018
0.94158;	25.33094
0.94600;	25.42443
0.94993;	26.14109
0.95557;	26.20044
0.95999;	26.27252
0.96465;	26.32203
0.96932;	26.41202
0.97275;	26.55901
0.97717;	27.21376
0.98085;	27.32045
0.98478;	28.14729
0.98822;	28.47888
0.99190;	29.4931
0.99607;	38.61406
0.99975;	61.22194

=========================

===== MiB loaded (YouTube (Cellular)) =====
0.00060;	0.26829
0.00541;	1.50435
0.00962;	1.7003
0.01563;	1.96226
0.02044;	2.17452
0.02465;	2.57871
0.02886;	3.00072
0.03367;	3.0243
0.03788;	3.25278
0.04209;	3.9739
0.04570;	4.00212
0.04931;	4.05738
0.05352;	4.49159
0.05713;	4.91599
0.06254;	5.00151
0.06615;	5.00275
0.07035;	5.00373
0.07456;	5.00472
0.07817;	5.00623
0.08358;	5.00842
0.08900;	5.01164
0.09381;	5.01399
0.09862;	5.01671
0.10283;	5.02551
0.10704;	5.04566
0.11064;	5.08715
0.11485;	5.23533
0.12026;	5.55217
0.12387;	5.94411
0.12868;	6.00338
0.13650;	6.00484
0.14071;	6.00702
0.14552;	6.00946
0.14913;	6.01173
0.15334;	6.01404
0.15755;	6.02236
0.16356;	6.02655
0.16717;	6.03134
0.17198;	6.05568
0.17619;	6.09822
0.17980;	6.22943
0.18340;	6.46173
0.18701;	6.88454
0.19242;	7.0041
0.19663;	7.00518
0.20144;	7.00642
0.20926;	7.00784
0.21587;	7.00872
0.22008;	7.00995
0.22369;	7.0117
0.22730;	7.01281
0.23211;	7.01405
0.23632;	7.01642
0.24053;	7.01856
0.24654;	7.02024
0.25075;	7.02112
0.25556;	7.02342
0.25977;	7.02549
0.26398;	7.02719
0.27060;	7.03153
0.27541;	7.03722
0.27962;	7.04318
0.28322;	7.04824
0.28683;	7.05661
0.29044;	7.07857
0.29585;	7.17474
0.30126;	7.26687
0.30487;	7.51088
0.30848;	7.97241
0.31509;	8.00759
0.31930;	8.00879
0.32592;	8.01016
0.33013;	8.01139
0.33554;	8.01244
0.34336;	8.01434
0.34817;	8.01563
0.35358;	8.01655
0.35779;	8.0185
0.36200;	8.01991
0.36681;	8.02304
0.37162;	8.02514
0.37643;	8.027
0.38124;	8.03049
0.38545;	8.03608
0.38906;	8.04717
0.39387;	8.04914
0.39747;	8.06206
0.40108;	8.08791
0.40469;	8.24697
0.41010;	8.64538
0.41431;	9.00885
0.41852;	9.01188
0.42333;	9.01454
0.42754;	9.01579
0.43295;	9.01641
0.43776;	9.01958
0.44438;	9.02124
0.44859;	9.02234
0.45280;	9.02511
0.45761;	9.02629
0.46302;	9.02846
0.46663;	9.03133
0.47264;	9.03682
0.47745;	9.04132
0.48166;	9.0444
0.48647;	9.05161
0.49188;	9.06447
0.49549;	9.07157
0.49970;	9.16318
0.50391;	10.00816
0.50812;	10.01495
0.51233;	10.01656
0.51654;	10.02021
0.52075;	10.02293
0.52495;	10.0255
0.52977;	10.02912
0.53458;	10.03202
0.53879;	10.03667
0.54360;	10.04127
0.54720;	10.04432
0.55081;	10.0479
0.55622;	10.05851
0.56103;	10.07337
0.56524;	10.09033
0.57066;	10.13637
0.57426;	10.68831
0.57787;	11.0109
0.58208;	11.02026
0.58809;	11.02818
0.59230;	11.03219
0.59771;	11.03768
0.60192;	11.04035
0.60553;	11.04417
0.60914;	11.04922
0.61575;	11.05411
0.61936;	11.05937
0.62417;	11.07193
0.63019;	11.08914
0.63440;	11.10656
0.63800;	11.99223
0.64221;	12.02309
0.64883;	12.02972
0.65364;	12.03668
0.65725;	12.04064
0.66206;	12.04568
0.66687;	12.0498
0.67048;	12.05694
0.67408;	12.07032
0.67829;	12.08167
0.68310;	12.09458
0.68791;	12.12337
0.69272;	12.33651
0.69633;	12.71567
0.69994;	13.01983
0.70415;	13.03056
0.70896;	13.03642
0.71317;	13.04375
0.71858;	13.04847
0.72219;	13.05711
0.72580;	13.06401
0.73001;	13.06702
0.73542;	13.09415
0.73903;	13.11386
0.74263;	13.16229
0.74624;	13.37719
0.75045;	14.04331
0.75586;	14.04928
0.76127;	14.05707
0.76488;	14.06623
0.76909;	14.07454
0.77390;	14.08735
0.77751;	14.09499
0.78112;	14.10624
0.78473;	14.1237
0.78894;	14.16708
0.79314;	14.34382
0.79675;	15.03815
0.80036;	15.05759
0.80457;	15.06573
0.80818;	15.0738
0.81179;	15.10287
0.81539;	15.13141
0.82321;	15.18899
0.82682;	15.3278
0.83103;	16.049
0.83524;	16.07358
0.84065;	16.09268
0.84546;	16.11977
0.84907;	16.39854
0.85268;	17.05533
0.85628;	17.07975
0.85989;	17.10539
0.86350;	17.13472
0.86711;	17.16602
0.87072;	17.24016
0.87432;	17.56965
0.87913;	18.09345
0.88274;	18.18171
0.88755;	18.56275
0.89116;	19.11059
0.89477;	19.15378
0.89958;	20.00442
0.90379;	20.11711
0.90800;	20.17072
0.91161;	20.22823
0.91521;	20.31528
0.91882;	21.13235
0.92243;	21.20247
0.92604;	21.37336
0.93145;	22.20511
0.93686;	22.2935
0.94047;	22.60499
0.94468;	23.1797
0.94889;	23.63055
0.95250;	24.17945
0.95610;	24.26922
0.95971;	24.34503
0.96332;	25.20308
0.96753;	25.30252
0.97114;	25.63801
0.97474;	26.26656
0.97835;	27.23043
0.98256;	28.27107
0.98617;	29.75732
0.99098;	32.48242
0.99459;	36.47984
0.99880;	44.90724

=========================

===== MiB loaded (DTube (WiFi)) =====
0.00055;	0.33835
0.00440;	0.78468
0.00824;	1.18507
0.01374;	1.55435
0.01758;	2.00002
0.02143;	2.00016
0.02637;	2.00027
0.03187;	2.00043
0.03681;	2.00081
0.04066;	2.00291
0.04615;	2.01679
0.05440;	2.11616
0.05934;	3.00021
0.06484;	3.00063
0.06868;	3.00148
0.07253;	3.00305
0.08022;	3.00917
0.08462;	3.02221
0.08956;	3.11281
0.09341;	3.94154
0.09725;	4.00059
0.10385;	4.00088
0.10769;	4.00109
0.11319;	4.00128
0.11758;	4.00167
0.12143;	4.00176
0.12637;	4.00204
0.13297;	4.00269
0.13736;	4.0031
0.14121;	4.0037
0.14505;	4.00486
0.15110;	4.0076
0.15824;	4.01126
0.16264;	4.01956
0.16648;	4.06073
0.17033;	4.31023
0.17473;	4.87722
0.17857;	5.00157
0.18297;	5.00207
0.18791;	5.00233
0.19286;	5.00266
0.20000;	5.00376
0.20495;	5.00508
0.21099;	5.00567
0.21484;	5.00598
0.21868;	5.00793
0.22253;	5.00928
0.22692;	5.01033
0.23132;	5.01425
0.24011;	5.02776
0.24505;	5.10234
0.25055;	5.66481
0.25659;	6.0022
0.26044;	6.00442
0.26484;	6.00605
0.26923;	6.00765
0.27308;	6.00955
0.27747;	6.01307
0.28187;	6.03037
0.28626;	6.05891
0.29011;	6.34272
0.29396;	7.0021
0.29835;	7.00379
0.30495;	7.005
0.31099;	7.00605
0.31484;	7.00657
0.31868;	7.00727
0.32363;	7.0087
0.32857;	7.00938
0.33407;	7.01015
0.34121;	7.01114
0.34835;	7.01263
0.35220;	7.01397
0.35604;	7.01596
0.36209;	7.01768
0.36703;	7.02593
0.37088;	7.03114
0.37473;	7.05439
0.38187;	7.13927
0.38736;	7.62985
0.39286;	8.00586
0.39725;	8.0083
0.40110;	8.01156
0.40495;	8.01324
0.41044;	8.01457
0.41538;	8.01627
0.41923;	8.02045
0.42308;	8.02775
0.42692;	8.03123
0.43077;	8.03971
0.43626;	8.04835
0.44011;	8.07124
0.44396;	8.53669
0.44835;	9.00659
0.45275;	9.01061
0.45714;	9.01324
0.46154;	9.01432
0.46593;	9.01629
0.46978;	9.01832
0.47473;	9.02035
0.48077;	9.0238
0.48571;	9.03078
0.49066;	9.03583
0.49505;	9.04445
0.50000;	9.05062
0.50385;	9.07645
0.50989;	9.23058
0.51374;	10.00808
0.52143;	10.01078
0.52582;	10.01568
0.52967;	10.01742
0.53352;	10.02326
0.53791;	10.0282
0.54231;	10.0313
0.54835;	10.0343
0.55220;	10.03921
0.55659;	10.04534
0.56044;	10.05119
0.56648;	10.0689
0.57088;	10.13595
0.57582;	10.93146
0.58022;	11.01726
0.58516;	11.0257
0.59011;	11.03065
0.59396;	11.03521
0.59835;	11.03966
0.60275;	11.0448
0.60659;	11.05543
0.61099;	11.09708
0.61593;	12.00987
0.61978;	12.02075
0.62363;	12.02569
0.62747;	12.02789
0.63297;	12.03178
0.63736;	12.03536
0.64121;	12.04136
0.64670;	12.04387
0.65220;	12.05169
0.65604;	12.05993
0.65989;	12.07673
0.66538;	12.14059
0.66923;	13.01921
0.67363;	13.02927
0.67967;	13.03209
0.68352;	13.04157
0.68736;	13.04721
0.69231;	13.05485
0.69780;	13.0619
0.70165;	13.07653
0.70604;	13.34341
0.70989;	14.03227
0.71538;	14.03986
0.71978;	14.04963
0.72418;	14.05723
0.72802;	14.07298
0.73297;	14.08056
0.73901;	14.13443
0.74560;	15.04213
0.74945;	15.05871
0.75495;	15.06621
0.75934;	15.07683
0.76319;	15.10778
0.76758;	15.45508
0.77143;	16.04119
0.77527;	16.05965
0.78187;	16.08135
0.78681;	16.10307
0.79121;	16.12976
0.79505;	16.20473
0.79945;	17.04001
0.80330;	17.06203
0.80824;	17.08029
0.81209;	17.11592
0.81593;	18.05087
0.82033;	18.07488
0.82418;	18.10321
0.82802;	18.17018
0.83297;	19.04759
0.83736;	19.09904
0.84121;	19.12317
0.84560;	19.20982
0.85000;	20.07942
0.85440;	20.10991
0.85879;	20.15037
0.86319;	20.73967
0.86703;	21.09267
0.87143;	21.117
0.87637;	21.18021
0.88132;	22.09512
0.88571;	22.14794
0.89066;	22.3709
0.89670;	23.13346
0.90055;	23.2473
0.90440;	24.13416
0.90824;	24.19612
0.91209;	25.1154
0.91593;	25.23669
0.92033;	26.21021
0.92418;	26.25105
0.92802;	27.09137
0.93242;	27.22354
0.93681;	27.35004
0.94176;	28.23288
0.94615;	28.30339
0.95000;	29.22607
0.95385;	29.26919
0.95824;	29.43968
0.96209;	30.33188
0.96593;	31.26751
0.96978;	32.29351
0.97363;	34.85013
0.97802;	37.36823
0.98187;	39.52285
0.98626;	47.2051
0.99011;	61.50573
0.99451;	73.58899
0.99835;	94.51685

=========================

===== MiB loaded (DTube (Cellular)) =====
0.00101;	0.38146
0.00604;	1.00001
0.01308;	1.07843
0.01710;	1.71436
0.02213;	2.00016
0.03018;	2.00022
0.03521;	2.00027
0.04125;	2.00036
0.04829;	2.00043
0.05332;	2.00047
0.05734;	2.00051
0.06137;	2.00083
0.06640;	2.00352
0.07042;	2.02859
0.07545;	2.44894
0.08048;	3.0003
0.08551;	3.00042
0.09155;	3.00054
0.09557;	3.00065
0.09960;	3.00094
0.10463;	3.00117
0.10865;	3.00138
0.11268;	3.00162
0.11670;	3.00209
0.12072;	3.00369
0.12676;	3.00673
0.13179;	3.01135
0.13783;	3.02229
0.14185;	3.05263
0.14588;	3.41004
0.15091;	3.94397
0.15694;	4.00068
0.16097;	4.00078
0.16700;	4.00095
0.17103;	4.00107
0.17505;	4.00127
0.17907;	4.00144
0.18310;	4.00155
0.18913;	4.00175
0.19316;	4.00195
0.19718;	4.00245
0.20322;	4.00352
0.20724;	4.00478
0.21227;	4.00547
0.21730;	4.01061
0.22233;	4.01808
0.22636;	4.03256
0.23038;	4.05022
0.23441;	4.10035
0.23843;	4.41823
0.24245;	4.91712
0.24748;	5.00079
0.25252;	5.0012
0.25755;	5.00158
0.26258;	5.00168
0.26660;	5.00219
0.27062;	5.00234
0.27767;	5.00255
0.28370;	5.003
0.28873;	5.00325
0.29276;	5.00344
0.30282;	5.00377
0.30684;	5.00403
0.31087;	5.00445
0.31590;	5.00531
0.31992;	5.00636
0.32394;	5.00685
0.32797;	5.00839
0.33199;	5.01234
0.33602;	5.01386
0.34004;	5.019
0.34406;	5.13593
0.35010;	5.94503
0.35412;	6.00173
0.36016;	6.00196
0.36419;	6.00351
0.36821;	6.00395
0.37425;	6.00472
0.37928;	6.00601
0.38330;	6.00889
0.38833;	6.01115
0.39235;	6.01329
0.39638;	6.01572
0.40040;	6.0275
0.40543;	6.05067
0.40946;	6.14705
0.41348;	6.55593
0.41851;	7.00189
0.42254;	7.00359
0.42857;	7.00515
0.43260;	7.00579
0.43662;	7.00638
0.44064;	7.00731
0.44567;	7.0082
0.44970;	7.00922
0.45372;	7.01111
0.45775;	7.012
0.46177;	7.01283
0.46579;	7.01615
0.46982;	7.0186
0.47384;	7.02124
0.47787;	7.02447
0.48189;	7.02755
0.48692;	7.06519
0.49095;	7.12004
0.49598;	7.4086
0.50000;	7.62029
0.50402;	7.76071
0.50805;	8.0038
0.51207;	8.00531
0.51610;	8.00675
0.52113;	8.00787
0.52515;	8.00871
0.52918;	8.00963
0.53320;	8.01206
0.53823;	8.0132
0.54427;	8.01501
0.54829;	8.01987
0.55332;	8.02391
0.55835;	8.02883
0.56237;	8.04754
0.56640;	8.06008
0.57042;	8.11352
0.57445;	8.5331
0.57847;	9.00708
0.58350;	9.0121
0.58753;	9.01397
0.59155;	9.01704
0.59557;	9.01823
0.60161;	9.02311
0.60563;	9.02939
0.61167;	9.04388
0.61670;	9.08195
0.62072;	10.01085
0.62475;	10.01359
0.62877;	10.01579
0.63280;	10.01923
0.63682;	10.02281
0.64185;	10.02502
0.64588;	10.02736
0.64990;	10.0344
0.65392;	10.03852
0.65795;	10.04708
0.66197;	10.07179
0.66600;	10.10954
0.67103;	10.35266
0.67505;	10.86569
0.68109;	11.01968
0.68511;	11.02128
0.68913;	11.02533
0.69316;	11.03193
0.69718;	11.04125
0.70121;	11.0491
0.70523;	11.14095
0.70926;	11.50043
0.71328;	12.01879
0.71730;	12.02215
0.72133;	12.02507
0.72535;	12.0289
0.72938;	12.03465
0.73340;	12.04919
0.73742;	12.0568
0.74245;	12.06401
0.74648;	12.07513
0.75050;	12.41583
0.75453;	12.8025
0.75855;	13.02599
0.76358;	13.03101
0.76761;	13.0383
0.77163;	13.05015
0.77565;	13.06416
0.77968;	13.1112
0.78370;	13.57034
0.78773;	14.01877
0.79175;	14.03393
0.79577;	14.05622
0.79980;	14.06408
0.80382;	14.17875
0.80785;	15.02522
0.81187;	15.04807
0.81590;	15.06621
0.81992;	15.12839
0.82495;	15.51178
0.82998;	16.03622
0.83400;	16.06878
0.83803;	16.07441
0.84205;	16.17026
0.84608;	17.05613
0.85010;	17.09855
0.85412;	17.1233
0.85815;	18.05584
0.86217;	18.08782
0.86620;	18.25143
0.87022;	19.07787
0.87425;	19.13377
0.87827;	19.49546
0.88229;	20.06003
0.88632;	20.14889
0.89034;	20.20879
0.89437;	20.43985
0.89839;	21.0819
0.90241;	21.93079
0.90644;	22.11118
0.91046;	22.15183
0.91449;	23.01409
0.91851;	23.20908
0.92254;	24.13523
0.92656;	24.42464
0.93159;	25.16478
0.93561;	26.18484
0.93964;	26.46088
0.94366;	27.19713
0.94769;	27.2401
0.95171;	28.27053
0.95573;	28.73272
0.95976;	29.21431
0.96378;	29.6724
0.96781;	31.19632
0.97183;	33.13851
0.97586;	37.39185
0.97988;	42.49462
0.98390;	45.65503
0.98793;	49.27313
0.99296;	56.16395
0.99698;	77.89957

=========================

