===== Stall Duration [ms] (YouTube (WiFi)) =====
0.02553;	0
0.02577;	17
0.02602;	22
0.02651;	23
0.02676;	25
0.02700;	26
0.02749;	28
0.02798;	30
0.02823;	31
0.02847;	35
0.02896;	38
0.02946;	39
0.02995;	41
0.03044;	44
0.03093;	45
0.03142;	46
0.03166;	47
0.03191;	48
0.03289;	49
0.03363;	50
0.03461;	51
0.03510;	52
0.03805;	53
0.04050;	54
0.04271;	55
0.04467;	56
0.04762;	57
0.04983;	58
0.05425;	59
0.05940;	60
0.06382;	61
0.06922;	62
0.07855;	63
0.08567;	64
0.09426;	65
0.10113;	66
0.10997;	67
0.11856;	68
0.12887;	69
0.13819;	70
0.14850;	71
0.16004;	72
0.16667;	73
0.17722;	74
0.18483;	75
0.19269;	76
0.19858;	77
0.20373;	78
0.20815;	79
0.21257;	80
0.21649;	81
0.22410;	82
0.22852;	83
0.23270;	84
0.23687;	85
0.24325;	86
0.24718;	87
0.25135;	88
0.25430;	89
0.25724;	90
0.26019;	91
0.26289;	92
0.26657;	93
0.26976;	94
0.27197;	95
0.27712;	96
0.28130;	97
0.28596;	98
0.29087;	99
0.29529;	100
0.30339;	101
0.31124;	102
0.31713;	103
0.32499;	104
0.33284;	105
0.34634;	106
0.35935;	107
0.36819;	108
0.37801;	109
0.38783;	110
0.39568;	111
0.40501;	112
0.41335;	113
0.42047;	114
0.42882;	115
0.43569;	116
0.44428;	117
0.45066;	118
0.45606;	119
0.46343;	120
0.46760;	121
0.47423;	122
0.48085;	123
0.48871;	124
0.49485;	125
0.50417;	126
0.51129;	127
0.52430;	128
0.53829;	129
0.55253;	130
0.56726;	131
0.58419;	132
0.60088;	133
0.61512;	134
0.63648;	135
0.65169;	136
0.67182;	137
0.69416;	138
0.71183;	139
0.72779;	140
0.74227;	141
0.75773;	142
0.77074;	143
0.78498;	144
0.79553;	145
0.80952;	146
0.82278;	147
0.83211;	148
0.84266;	149
0.85248;	150
0.86107;	151
0.86843;	152
0.87432;	153
0.88193;	154
0.88905;	155
0.89445;	156
0.89838;	157
0.90206;	158
0.90574;	159
0.90844;	160
0.91041;	161
0.91335;	162
0.91654;	163
0.91777;	164
0.92072;	165
0.92514;	166
0.92808;	167
0.92980;	168
0.93152;	169
0.93422;	170
0.93544;	171
0.93741;	172
0.94060;	173
0.94281;	174
0.94428;	175
0.94649;	176
0.94845;	177
0.95214;	178
0.95533;	179
0.95901;	180
0.95974;	181
0.96171;	182
0.96367;	183
0.96490;	184
0.96711;	185
0.96907;	186
0.97153;	187
0.97349;	188
0.97496;	189
0.97595;	190
0.97791;	191
0.97987;	192
0.98036;	193
0.98110;	194
0.98257;	195
0.98405;	196
0.98552;	197
0.98650;	198
0.98724;	199
0.98822;	200
0.98846;	201
0.98895;	202
0.98945;	203
0.99043;	204
0.99116;	205
0.99215;	206
0.99264;	207
0.99313;	209
0.99337;	210
0.99362;	211
0.99386;	212
0.99435;	213
0.99460;	218
0.99485;	219
0.99509;	223
0.99534;	226
0.99558;	230
0.99583;	231
0.99607;	242
0.99656;	246
0.99681;	258
0.99705;	259
0.99730;	261
0.99755;	268
0.99779;	273
0.99804;	283
0.99828;	291
0.99853;	333
0.99877;	1211
0.99902;	10121
0.99926;	50252
0.99951;	57242
0.99975;	57303
1.00000;	57337

=========================

===== Stall Duration [ms] (YouTube (Cellular)) =====
0.02826;	0
0.02886;	43
0.02946;	46
0.03007;	47
0.03247;	50
0.03488;	51
0.03608;	52
0.04089;	53
0.04330;	54
0.04630;	55
0.05111;	56
0.05352;	57
0.05833;	58
0.06434;	59
0.06795;	60
0.07336;	61
0.07877;	62
0.08479;	63
0.08960;	64
0.09741;	65
0.10523;	66
0.11245;	67
0.12147;	68
0.12868;	69
0.13349;	70
0.14251;	71
0.15274;	72
0.15935;	73
0.17438;	74
0.18581;	75
0.19663;	76
0.20385;	77
0.21407;	78
0.22550;	79
0.23572;	80
0.24293;	81
0.25135;	82
0.25737;	83
0.26097;	84
0.26518;	85
0.26879;	86
0.27180;	87
0.27360;	88
0.27601;	89
0.27661;	90
0.27781;	91
0.27841;	93
0.28022;	94
0.28142;	96
0.28322;	98
0.28382;	99
0.28443;	100
0.28743;	101
0.28984;	102
0.29405;	103
0.29645;	104
0.29826;	105
0.30427;	106
0.30968;	107
0.31630;	108
0.32231;	109
0.32712;	110
0.33013;	111
0.33614;	112
0.34035;	113
0.34696;	114
0.35298;	115
0.36140;	116
0.36921;	117
0.37102;	118
0.37402;	119
0.37703;	120
0.37823;	121
0.37943;	122
0.38124;	123
0.38304;	124
0.38665;	125
0.39327;	126
0.40229;	127
0.41371;	128
0.42273;	129
0.44137;	130
0.45881;	131
0.47865;	132
0.50331;	133
0.53097;	134
0.56524;	135
0.58930;	136
0.61335;	137
0.63620;	138
0.66266;	139
0.68912;	140
0.71076;	141
0.73181;	142
0.74865;	143
0.76789;	144
0.78052;	145
0.79615;	146
0.81600;	147
0.83043;	148
0.84426;	149
0.85508;	150
0.86530;	151
0.87252;	152
0.88214;	153
0.89176;	154
0.89838;	155
0.90860;	156
0.91281;	157
0.92063;	158
0.92544;	159
0.93085;	160
0.93566;	161
0.93867;	162
0.94167;	163
0.94648;	164
0.94829;	165
0.95069;	166
0.95250;	167
0.95370;	168
0.95430;	169
0.95610;	170
0.95731;	171
0.95791;	172
0.95851;	173
0.96091;	174
0.96212;	175
0.96272;	176
0.96332;	178
0.96392;	179
0.96512;	181
0.96572;	183
0.96633;	193
0.96693;	200
0.96753;	260
0.96813;	2983
0.96873;	3381
0.96933;	3652
0.96993;	4035
0.97054;	4190
0.97114;	4291
0.97174;	4421
0.97234;	4470
0.97294;	4706
0.97354;	4757
0.97414;	5214
0.97474;	5583
0.97535;	5718
0.97595;	5993
0.97655;	6241
0.97715;	6478
0.97775;	6830
0.97835;	8101
0.97895;	8312
0.97956;	8922
0.98016;	9157
0.98076;	10051
0.98136;	10661
0.98196;	11294
0.98256;	11424
0.98316;	14466
0.98376;	14738
0.98437;	14878
0.98497;	15458
0.98557;	16455
0.98617;	16503
0.98677;	17347
0.98737;	17829
0.98797;	19443
0.98857;	19477
0.98918;	20381
0.98978;	21379
0.99038;	21970
0.99098;	26945
0.99158;	27107
0.99218;	29646
0.99278;	30082
0.99339;	32932
0.99399;	35291
0.99459;	37145
0.99519;	39112
0.99579;	40305
0.99639;	41810
0.99699;	46878
0.99759;	49796
0.99820;	50092
0.99880;	50598
0.99940;	50864
1.00000;	57222

=========================

===== Stall Duration [ms] (DTube (WiFi)) =====
0.03846;	0
0.03901;	17
0.03956;	27
0.04011;	28
0.04066;	30
0.04121;	31
0.04176;	32
0.04286;	33
0.04396;	34
0.04670;	35
0.04725;	37
0.04890;	38
0.04945;	39
0.05000;	40
0.05055;	42
0.05165;	43
0.05275;	44
0.05330;	46
0.05440;	47
0.05495;	48
0.05879;	49
0.06154;	50
0.06374;	51
0.06868;	52
0.07308;	53
0.07857;	54
0.08956;	55
0.09670;	56
0.10549;	57
0.11484;	58
0.12582;	59
0.13791;	60
0.15165;	61
0.17253;	62
0.18352;	63
0.19341;	64
0.20934;	65
0.22308;	66
0.24066;	67
0.25934;	68
0.27418;	69
0.28626;	70
0.29945;	71
0.31209;	72
0.32692;	73
0.33956;	74
0.35604;	75
0.36978;	76
0.38132;	77
0.39011;	78
0.40495;	79
0.41758;	80
0.43297;	81
0.44615;	82
0.45824;	83
0.46923;	84
0.48077;	85
0.49231;	86
0.50165;	87
0.51264;	88
0.51868;	89
0.52418;	90
0.52912;	91
0.53352;	92
0.53626;	93
0.54066;	94
0.54341;	95
0.54505;	96
0.54780;	97
0.54945;	98
0.55385;	99
0.55934;	100
0.56319;	101
0.57033;	102
0.57747;	103
0.58297;	104
0.59066;	105
0.59505;	106
0.60275;	107
0.61099;	108
0.61978;	109
0.62527;	110
0.63516;	111
0.64560;	112
0.65495;	113
0.67143;	114
0.68187;	115
0.69341;	116
0.70549;	117
0.71868;	118
0.72692;	119
0.73681;	120
0.74505;	121
0.75165;	122
0.75495;	123
0.75989;	124
0.76099;	125
0.76538;	126
0.76703;	127
0.76978;	128
0.77198;	129
0.77527;	130
0.78022;	131
0.78516;	132
0.78791;	133
0.79176;	134
0.79341;	135
0.79890;	136
0.80549;	137
0.81264;	138
0.81813;	139
0.82418;	140
0.82747;	141
0.83242;	142
0.84011;	143
0.84615;	144
0.85055;	145
0.86099;	146
0.87308;	147
0.88187;	148
0.88736;	149
0.89286;	150
0.89945;	151
0.90220;	152
0.90714;	153
0.91154;	154
0.91374;	155
0.91813;	156
0.91978;	157
0.92088;	158
0.92418;	159
0.92473;	160
0.92637;	161
0.92857;	162
0.93132;	163
0.93242;	164
0.93516;	165
0.93736;	166
0.93846;	167
0.93901;	168
0.94231;	169
0.94396;	170
0.94560;	171
0.94670;	172
0.94725;	173
0.95055;	174
0.95220;	175
0.95275;	176
0.95495;	178
0.95769;	179
0.95989;	181
0.96319;	182
0.96484;	183
0.96538;	184
0.96813;	185
0.96868;	186
0.96978;	187
0.97198;	188
0.97363;	189
0.97527;	190
0.97637;	191
0.97857;	192
0.98077;	193
0.98132;	194
0.98297;	196
0.98352;	197
0.98462;	198
0.98626;	199
0.98681;	200
0.98901;	201
0.98956;	203
0.99011;	205
0.99066;	206
0.99121;	207
0.99176;	211
0.99231;	217
0.99286;	221
0.99341;	223
0.99396;	225
0.99451;	229
0.99505;	258
0.99560;	994
0.99615;	1126
0.99670;	2729
0.99725;	4387
0.99780;	4636
0.99835;	5800
0.99890;	11346
0.99945;	16380
1.00000;	16433

=========================

===== Stall Duration [ms] (DTube (Cellular)) =====
0.03722;	0
0.03823;	17
0.03924;	18
0.04024;	30
0.04125;	43
0.04427;	44
0.04628;	48
0.04728;	49
0.04829;	51
0.05332;	52
0.06237;	53
0.07042;	54
0.07948;	55
0.09256;	56
0.10966;	57
0.12274;	58
0.14185;	59
0.16398;	60
0.17304;	61
0.19215;	62
0.21429;	63
0.22334;	64
0.23944;	65
0.26258;	66
0.28270;	67
0.30080;	68
0.32495;	69
0.34909;	70
0.37928;	71
0.39839;	72
0.42958;	73
0.47586;	74
0.51911;	75
0.54427;	76
0.58249;	77
0.61167;	78
0.63179;	79
0.65694;	80
0.68209;	81
0.69416;	82
0.71630;	83
0.72636;	84
0.73239;	85
0.74648;	86
0.74950;	87
0.75252;	88
0.75654;	89
0.76056;	90
0.76459;	91
0.76660;	92
0.76861;	93
0.77163;	94
0.77465;	96
0.77565;	97
0.77867;	98
0.78068;	99
0.78169;	100
0.78773;	104
0.79074;	105
0.79276;	106
0.79678;	107
0.80282;	108
0.80885;	109
0.81388;	110
0.81891;	111
0.82495;	112
0.83199;	113
0.84608;	114
0.85010;	115
0.85614;	116
0.86117;	117
0.86318;	118
0.86519;	119
0.87022;	120
0.87123;	121
0.87223;	122
0.87425;	127
0.87626;	128
0.87726;	129
0.87928;	130
0.88028;	131
0.88229;	132
0.88732;	133
0.89235;	134
0.89940;	135
0.90543;	136
0.91147;	137
0.91650;	138
0.91751;	139
0.91952;	140
0.92455;	141
0.92757;	142
0.93360;	143
0.93763;	144
0.94266;	145
0.94567;	146
0.94869;	147
0.95674;	148
0.95775;	150
0.95875;	151
0.96076;	152
0.96278;	153
0.96579;	154
0.96680;	155
0.96781;	156
0.96881;	157
0.96982;	158
0.97082;	159
0.97284;	160
0.97384;	163
0.97586;	164
0.97686;	165
0.97787;	166
0.97887;	168
0.97988;	169
0.98089;	179
0.98189;	1864
0.98290;	3048
0.98390;	4040
0.98491;	4842
0.98592;	4948
0.98692;	5695
0.98793;	5836
0.98893;	7258
0.98994;	7875
0.99095;	8948
0.99195;	10184
0.99296;	11374
0.99396;	20435
0.99497;	20881
0.99598;	28012
0.99698;	31203
0.99799;	38850
0.99899;	39188
1.00000;	56815

=========================

