===== Startup Delay [s] (YouTube (WiFi)) =====
0.00025;	0.158
0.00196;	0.202
0.00417;	0.211
0.00736;	0.218
0.01129;	0.227
0.01448;	0.233
0.01939;	0.239
0.02283;	0.246
0.02626;	0.254
0.03068;	0.26
0.03559;	0.266
0.04369;	0.272
0.04885;	0.278
0.05523;	0.284
0.06063;	0.29
0.07192;	0.296
0.08174;	0.302
0.09107;	0.308
0.10015;	0.314
0.10653;	0.32
0.11438;	0.326
0.12347;	0.332
0.13378;	0.338
0.14335;	0.344
0.15218;	0.35
0.16348;	0.356
0.17378;	0.362
0.18508;	0.368
0.19686;	0.374
0.20741;	0.38
0.21699;	0.386
0.22730;	0.392
0.23957;	0.398
0.25086;	0.404
0.25822;	0.41
0.26976;	0.416
0.28130;	0.422
0.29553;	0.428
0.30731;	0.434
0.31664;	0.44
0.32867;	0.446
0.34094;	0.452
0.35150;	0.458
0.36156;	0.464
0.37359;	0.47
0.38095;	0.476
0.39273;	0.482
0.40403;	0.488
0.41384;	0.494
0.42293;	0.5
0.43054;	0.506
0.43962;	0.512
0.44944;	0.518
0.45876;	0.524
0.46465;	0.53
0.47202;	0.536
0.48135;	0.542
0.49018;	0.548
0.49681;	0.554
0.50393;	0.56
0.51154;	0.566
0.51865;	0.572
0.52479;	0.578
0.53216;	0.584
0.54050;	0.59
0.55032;	0.596
0.55719;	0.602
0.56333;	0.608
0.57069;	0.614
0.57806;	0.62
0.58468;	0.626
0.59033;	0.632
0.59647;	0.638
0.60579;	0.645
0.61070;	0.651
0.61561;	0.657
0.62322;	0.663
0.63108;	0.669
0.63746;	0.675
0.64335;	0.681
0.64826;	0.687
0.65415;	0.694
0.65734;	0.701
0.66225;	0.707
0.66568;	0.714
0.67256;	0.72
0.67771;	0.726
0.68213;	0.732
0.68925;	0.739
0.69514;	0.745
0.69956;	0.751
0.70496;	0.757
0.70938;	0.763
0.71281;	0.769
0.71551;	0.776
0.71919;	0.782
0.72386;	0.788
0.72950;	0.794
0.73270;	0.8
0.73859;	0.806
0.74251;	0.812
0.74718;	0.818
0.75184;	0.826
0.75479;	0.833
0.75871;	0.839
0.76264;	0.845
0.76657;	0.851
0.76976;	0.858
0.77295;	0.864
0.77565;	0.872
0.77933;	0.878
0.78301;	0.885
0.78473;	0.891
0.78743;	0.898
0.79161;	0.906
0.79553;	0.912
0.79823;	0.919
0.80142;	0.926
0.80412;	0.933
0.80781;	0.943
0.81001;	0.952
0.81345;	0.959
0.81689;	0.966
0.81934;	0.974
0.82278;	0.981
0.82548;	0.99
0.82867;	0.996
0.83162;	1.002
0.83456;	1.008
0.83898;	1.017
0.84192;	1.025
0.84462;	1.034
0.84806;	1.041
0.85101;	1.049
0.85493;	1.059
0.85763;	1.065
0.85935;	1.077
0.86156;	1.083
0.86426;	1.094
0.86672;	1.1
0.86892;	1.108
0.87187;	1.116
0.87432;	1.122
0.87629;	1.133
0.87948;	1.14
0.88193;	1.148
0.88414;	1.158
0.88660;	1.164
0.88930;	1.174
0.89224;	1.183
0.89445;	1.193
0.89666;	1.204
0.89887;	1.218
0.90083;	1.23
0.90255;	1.244
0.90476;	1.254
0.90648;	1.27
0.90820;	1.282
0.91016;	1.291
0.91360;	1.304
0.91581;	1.313
0.91728;	1.323
0.91949;	1.336
0.92145;	1.344
0.92366;	1.365
0.92563;	1.385
0.92734;	1.405
0.92906;	1.422
0.93152;	1.438
0.93299;	1.453
0.93520;	1.475
0.93667;	1.489
0.93888;	1.507
0.94060;	1.521
0.94281;	1.546
0.94453;	1.568
0.94624;	1.575
0.94796;	1.602
0.94968;	1.623
0.95164;	1.645
0.95312;	1.672
0.95459;	1.69
0.95631;	1.714
0.95778;	1.736
0.95925;	1.777
0.96073;	1.829
0.96220;	1.874
0.96392;	1.904
0.96539;	1.947
0.96686;	2.009
0.96834;	2.043
0.96981;	2.18
0.97128;	2.239
0.97275;	2.297
0.97447;	2.371
0.97595;	2.447
0.97742;	2.654
0.97889;	2.741
0.98036;	2.922
0.98184;	3.025
0.98331;	3.219
0.98478;	3.531
0.98625;	4.013
0.98773;	4.608
0.98920;	5.184
0.99067;	5.985
0.99215;	6.288
0.99362;	6.872
0.99509;	8.62
0.99656;	18.641
0.99804;	31.663
0.99951;	111.314

=========================

===== Startup Delay [s] (YouTube (Cellular)) =====
0.00060;	0.321
0.00361;	0.356
0.00661;	0.366
0.01022;	0.379
0.01323;	0.388
0.01684;	0.398
0.02165;	0.406
0.02706;	0.414
0.03307;	0.421
0.03909;	0.426
0.04630;	0.432
0.05171;	0.437
0.05713;	0.443
0.06194;	0.448
0.06735;	0.453
0.07697;	0.458
0.08058;	0.463
0.08479;	0.469
0.09080;	0.475
0.09561;	0.48
0.10162;	0.485
0.10824;	0.49
0.11305;	0.496
0.11966;	0.503
0.12447;	0.508
0.13289;	0.514
0.13951;	0.519
0.14732;	0.524
0.15454;	0.53
0.15995;	0.538
0.16717;	0.545
0.17619;	0.55
0.18280;	0.556
0.18942;	0.561
0.19904;	0.567
0.20686;	0.573
0.21467;	0.578
0.22069;	0.583
0.23031;	0.588
0.23933;	0.594
0.24714;	0.601
0.25616;	0.607
0.26338;	0.612
0.27120;	0.617
0.28202;	0.622
0.29284;	0.628
0.30006;	0.634
0.30788;	0.639
0.31690;	0.645
0.32231;	0.65
0.32892;	0.655
0.33554;	0.66
0.34336;	0.665
0.35177;	0.671
0.35598;	0.677
0.36380;	0.683
0.37162;	0.688
0.37703;	0.694
0.38545;	0.699
0.39266;	0.704
0.39988;	0.711
0.40770;	0.716
0.41672;	0.721
0.42574;	0.726
0.43055;	0.733
0.43536;	0.738
0.43836;	0.743
0.44618;	0.748
0.45400;	0.754
0.45881;	0.76
0.46843;	0.766
0.47505;	0.773
0.47865;	0.779
0.48767;	0.784
0.49369;	0.791
0.49850;	0.796
0.50511;	0.804
0.51173;	0.811
0.51774;	0.819
0.52315;	0.827
0.52736;	0.836
0.53157;	0.843
0.53758;	0.85
0.54059;	0.857
0.54961;	0.863
0.55502;	0.873
0.56043;	0.881
0.56464;	0.89
0.56945;	0.897
0.57366;	0.905
0.57968;	0.913
0.58509;	0.92
0.58930;	0.928
0.59290;	0.937
0.59651;	0.945
0.60012;	0.953
0.60313;	0.961
0.61094;	0.969
0.61515;	0.977
0.61876;	0.985
0.62538;	0.996
0.63019;	1.007
0.63500;	1.017
0.63921;	1.028
0.64221;	1.038
0.64762;	1.049
0.65183;	1.057
0.65544;	1.067
0.65845;	1.082
0.66266;	1.092
0.66687;	1.103
0.67048;	1.111
0.67408;	1.123
0.67889;	1.133
0.68310;	1.141
0.68791;	1.151
0.69212;	1.162
0.69573;	1.173
0.69994;	1.18
0.70355;	1.197
0.70655;	1.209
0.71076;	1.223
0.71437;	1.236
0.71978;	1.245
0.72399;	1.264
0.72760;	1.272
0.73121;	1.28
0.73482;	1.293
0.73842;	1.307
0.74143;	1.316
0.74444;	1.329
0.74865;	1.348
0.75165;	1.369
0.75466;	1.385
0.75767;	1.406
0.76127;	1.421
0.76428;	1.44
0.76729;	1.45
0.77029;	1.47
0.77330;	1.487
0.77631;	1.496
0.77931;	1.505
0.78352;	1.523
0.78653;	1.539
0.78954;	1.556
0.79254;	1.598
0.79555;	1.63
0.79916;	1.67
0.80216;	1.684
0.80517;	1.727
0.80818;	1.746
0.81118;	1.772
0.81419;	1.808
0.81720;	1.834
0.82020;	1.875
0.82321;	1.914
0.82622;	1.949
0.82983;	1.991
0.83343;	2.034
0.83644;	2.081
0.83945;	2.128
0.84245;	2.168
0.84546;	2.21
0.84847;	2.239
0.85147;	2.257
0.85448;	2.283
0.85749;	2.323
0.86049;	2.364
0.86350;	2.386
0.86651;	2.505
0.86951;	2.563
0.87252;	2.603
0.87553;	2.676
0.87853;	2.717
0.88154;	2.75
0.88455;	2.805
0.88815;	2.877
0.89116;	2.98
0.89417;	3.076
0.89778;	3.22
0.90078;	3.346
0.90439;	3.528
0.90740;	3.63
0.91040;	3.791
0.91341;	3.91
0.91642;	4.16
0.91942;	4.301
0.92243;	4.439
0.92544;	4.601
0.92844;	4.752
0.93145;	4.861
0.93446;	5.161
0.93746;	5.374
0.94047;	5.661
0.94348;	5.815
0.94648;	6.067
0.94949;	6.449
0.95250;	6.72
0.95550;	7.133
0.95851;	7.419
0.96152;	7.951
0.96452;	8.281
0.96753;	8.889
0.97054;	9.448
0.97354;	9.927
0.97655;	11.012
0.97956;	11.698
0.98256;	12.402
0.98557;	15.323
0.98857;	19.308
0.99158;	21.702
0.99459;	35.03
0.99759;	86.02

=========================

===== Startup Delay [s] (DTube (WiFi)) =====
0.00055;	0.382
0.00440;	0.55
0.00879;	0.586
0.01264;	0.608
0.01703;	0.634
0.02143;	0.654
0.02637;	0.677
0.03077;	0.688
0.03571;	0.702
0.03956;	0.714
0.04451;	0.726
0.04945;	0.738
0.05495;	0.751
0.06099;	0.762
0.06648;	0.77
0.07363;	0.782
0.07967;	0.791
0.08516;	0.807
0.09121;	0.816
0.09725;	0.826
0.10440;	0.838
0.11374;	0.848
0.12143;	0.86
0.12912;	0.867
0.13462;	0.877
0.14286;	0.886
0.14835;	0.895
0.15495;	0.902
0.16154;	0.915
0.16703;	0.924
0.17473;	0.938
0.18187;	0.948
0.18791;	0.959
0.19451;	0.967
0.20165;	0.976
0.20714;	0.986
0.21484;	1.001
0.22033;	1.012
0.22692;	1.02
0.23297;	1.03
0.23791;	1.037
0.24286;	1.049
0.24780;	1.058
0.25495;	1.067
0.26044;	1.075
0.26758;	1.089
0.27418;	1.097
0.27912;	1.106
0.28681;	1.115
0.29451;	1.128
0.30055;	1.137
0.30659;	1.151
0.31319;	1.162
0.32088;	1.17
0.32582;	1.185
0.33187;	1.2
0.33736;	1.216
0.34286;	1.231
0.34725;	1.239
0.35220;	1.247
0.35879;	1.26
0.36319;	1.267
0.36868;	1.276
0.37473;	1.29
0.37967;	1.303
0.38407;	1.314
0.38901;	1.325
0.39451;	1.34
0.39945;	1.355
0.40495;	1.367
0.40934;	1.381
0.41648;	1.391
0.42198;	1.402
0.42747;	1.41
0.43352;	1.43
0.43846;	1.443
0.44341;	1.452
0.44835;	1.464
0.45604;	1.476
0.46154;	1.493
0.46593;	1.504
0.47143;	1.514
0.47802;	1.528
0.48242;	1.548
0.48626;	1.567
0.49011;	1.577
0.49505;	1.592
0.50000;	1.604
0.50549;	1.619
0.51099;	1.635
0.51593;	1.646
0.52088;	1.656
0.52582;	1.677
0.53077;	1.701
0.53462;	1.725
0.53846;	1.74
0.54451;	1.758
0.54945;	1.778
0.55385;	1.797
0.55769;	1.813
0.56154;	1.829
0.56703;	1.848
0.57363;	1.877
0.58022;	1.898
0.58516;	1.918
0.58901;	1.93
0.59286;	1.958
0.59670;	1.982
0.60110;	2.002
0.60604;	2.021
0.60989;	2.042
0.61374;	2.066
0.61923;	2.088
0.62363;	2.112
0.62747;	2.129
0.63187;	2.153
0.63571;	2.191
0.64011;	2.213
0.64505;	2.264
0.65000;	2.284
0.65440;	2.319
0.66044;	2.348
0.66484;	2.37
0.66868;	2.409
0.67253;	2.428
0.67802;	2.458
0.68187;	2.49
0.68681;	2.509
0.69231;	2.554
0.69615;	2.605
0.70000;	2.643
0.70495;	2.667
0.70879;	2.706
0.71264;	2.765
0.71703;	2.813
0.72088;	2.884
0.72637;	2.916
0.73022;	2.952
0.73462;	3.011
0.73901;	3.069
0.74286;	3.138
0.74670;	3.193
0.75110;	3.243
0.75495;	3.312
0.75879;	3.376
0.76319;	3.449
0.76703;	3.506
0.77088;	3.606
0.77473;	3.658
0.77857;	3.713
0.78242;	3.758
0.78626;	3.827
0.79011;	3.859
0.79451;	3.944
0.79890;	4.065
0.80275;	4.147
0.80659;	4.247
0.81044;	4.348
0.81429;	4.392
0.81813;	4.495
0.82198;	4.574
0.82637;	4.716
0.83022;	4.855
0.83462;	4.9
0.83846;	4.961
0.84231;	5.193
0.84670;	5.275
0.85055;	5.404
0.85440;	5.493
0.85824;	5.652
0.86209;	5.783
0.86593;	5.915
0.86978;	6.23
0.87363;	6.479
0.87747;	6.63
0.88132;	7.049
0.88516;	7.126
0.88901;	7.446
0.89286;	7.711
0.89670;	8.064
0.90055;	8.275
0.90440;	8.632
0.90879;	8.908
0.91264;	9.455
0.91648;	9.749
0.92033;	9.92
0.92418;	10.204
0.92802;	10.497
0.93187;	10.65
0.93571;	11.6
0.93956;	12.271
0.94341;	12.751
0.94725;	13.916
0.95110;	15.709
0.95495;	17.396
0.95879;	18.797
0.96264;	23.224
0.96648;	28.915
0.97033;	36.149
0.97418;	61.04
0.97802;	110.882
0.98187;	153.198
0.98571;	281.153
0.98956;	370.159
0.99341;	591.959
0.99725;	1198.579

=========================

===== Startup Delay [s] (DTube (Cellular)) =====
0.00101;	0.732
0.00503;	0.852
0.00905;	0.911
0.01408;	0.933
0.01811;	0.944
0.02213;	0.968
0.02616;	0.994
0.03018;	1.028
0.03421;	1.052
0.04024;	1.078
0.04527;	1.1
0.05131;	1.11
0.05634;	1.12
0.06137;	1.129
0.06539;	1.151
0.07143;	1.159
0.07746;	1.167
0.08249;	1.173
0.08853;	1.195
0.09356;	1.206
0.09759;	1.219
0.10262;	1.23
0.10664;	1.237
0.11167;	1.25
0.11670;	1.263
0.12072;	1.269
0.12475;	1.278
0.12877;	1.291
0.13380;	1.305
0.13984;	1.318
0.14386;	1.327
0.14889;	1.338
0.15996;	1.343
0.16600;	1.359
0.17002;	1.367
0.17606;	1.377
0.18310;	1.385
0.18712;	1.399
0.19115;	1.419
0.19618;	1.427
0.20221;	1.432
0.20624;	1.45
0.21127;	1.458
0.21630;	1.466
0.22032;	1.477
0.22435;	1.487
0.22837;	1.497
0.23340;	1.511
0.23742;	1.521
0.24346;	1.535
0.24748;	1.545
0.25352;	1.556
0.25755;	1.569
0.26358;	1.58
0.26861;	1.587
0.27364;	1.593
0.27867;	1.618
0.28270;	1.625
0.28773;	1.635
0.29175;	1.64
0.29577;	1.651
0.29980;	1.658
0.30382;	1.674
0.30785;	1.688
0.31288;	1.693
0.31791;	1.705
0.32193;	1.715
0.32696;	1.736
0.33199;	1.755
0.33602;	1.771
0.34004;	1.79
0.34406;	1.802
0.34909;	1.823
0.35312;	1.839
0.35714;	1.853
0.36217;	1.878
0.36821;	1.897
0.37223;	1.913
0.37626;	1.936
0.38129;	1.955
0.38632;	1.971
0.39034;	1.991
0.39437;	2.003
0.39940;	2.018
0.40543;	2.055
0.40946;	2.066
0.41449;	2.078
0.41851;	2.137
0.42254;	2.158
0.42656;	2.178
0.43159;	2.192
0.43561;	2.212
0.43964;	2.257
0.44366;	2.28
0.44769;	2.317
0.45171;	2.338
0.45573;	2.375
0.46076;	2.395
0.46479;	2.448
0.46881;	2.466
0.47284;	2.533
0.47686;	2.554
0.48189;	2.596
0.48592;	2.682
0.49095;	2.698
0.49497;	2.73
0.49899;	2.806
0.50302;	2.85
0.50704;	2.891
0.51207;	2.922
0.51610;	2.949
0.52113;	2.98
0.52515;	3.014
0.52918;	3.087
0.53320;	3.149
0.53823;	3.167
0.54326;	3.199
0.54728;	3.234
0.55131;	3.261
0.55533;	3.29
0.55936;	3.328
0.56338;	3.383
0.56740;	3.431
0.57243;	3.498
0.57646;	3.521
0.58048;	3.585
0.58451;	3.607
0.58853;	3.682
0.59256;	3.709
0.59658;	3.768
0.60060;	3.837
0.60463;	3.867
0.60865;	3.947
0.61268;	4.042
0.61670;	4.084
0.62072;	4.172
0.62475;	4.224
0.62877;	4.267
0.63280;	4.318
0.63682;	4.4
0.64085;	4.436
0.64487;	4.465
0.64889;	4.48
0.65292;	4.529
0.65694;	4.545
0.66097;	4.612
0.66499;	4.667
0.66901;	4.692
0.67304;	4.719
0.67706;	4.742
0.68209;	4.772
0.68612;	4.809
0.69115;	4.87
0.69517;	5.01
0.70020;	5.108
0.70423;	5.139
0.70825;	5.268
0.71227;	5.326
0.71630;	5.394
0.72032;	5.429
0.72435;	5.455
0.72938;	5.501
0.73441;	5.603
0.73843;	5.698
0.74245;	5.742
0.74648;	5.762
0.75050;	5.844
0.75453;	5.965
0.75855;	6.065
0.76258;	6.152
0.76660;	6.291
0.77062;	6.381
0.77465;	6.416
0.77867;	6.673
0.78270;	6.751
0.78672;	7.027
0.79074;	7.071
0.79477;	7.375
0.79879;	7.44
0.80282;	7.539
0.80684;	7.647
0.81087;	7.693
0.81489;	7.738
0.81891;	7.906
0.82294;	7.975
0.82797;	8.01
0.83199;	8.13
0.83602;	8.227
0.84004;	8.352
0.84406;	8.596
0.84809;	8.613
0.85211;	8.791
0.85714;	8.954
0.86117;	9.066
0.86519;	9.271
0.86922;	9.415
0.87324;	9.589
0.87726;	9.968
0.88129;	10.089
0.88531;	10.345
0.88934;	10.621
0.89336;	10.861
0.89738;	10.976
0.90141;	11.112
0.90644;	11.519
0.91046;	11.78
0.91449;	12.1
0.91851;	12.293
0.92254;	12.469
0.92656;	12.8
0.93058;	13.136
0.93461;	13.42
0.93863;	13.758
0.94266;	14.113
0.94668;	14.333
0.95070;	14.708
0.95473;	15.253
0.95875;	16.503
0.96278;	17.413
0.96680;	18.178
0.97082;	19.2
0.97485;	22.518
0.97887;	25.611
0.98290;	28.139
0.98692;	33.636
0.99095;	37.558
0.99497;	84.199
0.99899;	264.129

=========================

