===== Time to Reach Source [s] (YouTube (WiFi)) =====
0.00025;	0.082
0.00196;	0.107
0.00614;	0.113
0.01129;	0.122
0.01497;	0.13
0.02307;	0.135
0.03019;	0.143
0.03314;	0.148
0.04222;	0.153
0.04590;	0.158
0.05400;	0.163
0.05989;	0.168
0.06848;	0.174
0.07315;	0.18
0.08738;	0.185
0.09229;	0.19
0.10383;	0.195
0.10825;	0.2
0.12077;	0.205
0.12739;	0.21
0.14531;	0.215
0.15464;	0.22
0.17133;	0.225
0.17845;	0.23
0.19146;	0.235
0.20005;	0.24
0.21183;	0.245
0.22165;	0.25
0.23368;	0.255
0.24251;	0.26
0.25307;	0.265
0.26289;	0.27
0.27491;	0.275
0.28596;	0.28
0.29651;	0.285
0.30437;	0.29
0.31615;	0.295
0.32892;	0.3
0.33922;	0.305
0.35371;	0.31
0.36524;	0.315
0.37653;	0.32
0.38537;	0.325
0.39568;	0.33
0.40452;	0.335
0.41483;	0.34
0.42538;	0.345
0.43716;	0.35
0.44526;	0.355
0.45484;	0.36
0.46294;	0.365
0.47202;	0.37
0.48036;	0.375
0.49043;	0.38
0.49877;	0.385
0.50835;	0.39
0.51399;	0.395
0.52037;	0.4
0.52676;	0.405
0.53289;	0.41
0.53731;	0.415
0.54443;	0.42
0.55106;	0.425
0.55695;	0.43
0.56210;	0.435
0.56726;	0.44
0.57143;	0.445
0.57609;	0.45
0.58395;	0.456
0.58984;	0.461
0.59720;	0.466
0.60334;	0.472
0.60923;	0.477
0.61487;	0.482
0.62126;	0.487
0.62666;	0.492
0.63255;	0.497
0.63967;	0.502
0.64826;	0.507
0.65390;	0.512
0.66004;	0.517
0.66421;	0.522
0.66986;	0.527
0.67403;	0.532
0.67992;	0.538
0.68606;	0.543
0.68999;	0.548
0.69391;	0.553
0.69858;	0.558
0.70324;	0.563
0.70889;	0.569
0.71281;	0.574
0.71723;	0.58
0.72165;	0.585
0.72533;	0.59
0.72877;	0.596
0.73466;	0.601
0.73810;	0.606
0.74104;	0.611
0.74472;	0.617
0.74865;	0.622
0.75282;	0.627
0.75528;	0.633
0.75847;	0.638
0.76166;	0.643
0.76608;	0.648
0.76829;	0.654
0.77000;	0.659
0.77320;	0.665
0.77590;	0.671
0.77860;	0.677
0.78130;	0.682
0.78473;	0.687
0.78866;	0.693
0.79185;	0.699
0.79455;	0.705
0.79651;	0.711
0.79921;	0.716
0.80216;	0.722
0.80437;	0.727
0.80584;	0.732
0.80830;	0.737
0.81222;	0.743
0.81566;	0.748
0.81787;	0.755
0.82155;	0.76
0.82401;	0.766
0.82622;	0.772
0.82892;	0.777
0.83137;	0.782
0.83260;	0.787
0.83432;	0.793
0.83677;	0.801
0.83947;	0.809
0.84192;	0.814
0.84413;	0.819
0.84585;	0.825
0.84880;	0.832
0.85174;	0.837
0.85395;	0.843
0.85641;	0.85
0.85837;	0.855
0.86107;	0.861
0.86303;	0.867
0.86524;	0.873
0.86745;	0.878
0.86917;	0.885
0.87138;	0.893
0.87359;	0.901
0.87604;	0.907
0.87776;	0.918
0.87973;	0.926
0.88169;	0.933
0.88365;	0.945
0.88513;	0.951
0.88954;	0.956
0.89151;	0.966
0.89347;	0.974
0.89593;	0.981
0.89715;	0.993
0.89863;	1.002
0.89985;	1.012
0.90255;	1.023
0.90403;	1.038
0.90599;	1.05
0.90746;	1.055
0.90918;	1.06
0.91114;	1.067
0.91311;	1.077
0.91433;	1.089
0.91630;	1.104
0.91826;	1.12
0.91973;	1.128
0.92145;	1.138
0.92268;	1.15
0.92391;	1.156
0.92514;	1.166
0.92636;	1.172
0.92857;	1.181
0.93029;	1.194
0.93225;	1.203
0.93397;	1.219
0.93544;	1.235
0.93716;	1.25
0.93864;	1.264
0.93986;	1.279
0.94158;	1.296
0.94330;	1.314
0.94453;	1.333
0.94624;	1.343
0.94747;	1.357
0.94870;	1.374
0.94993;	1.385
0.95115;	1.401
0.95238;	1.415
0.95385;	1.427
0.95508;	1.437
0.95631;	1.454
0.95778;	1.47
0.95901;	1.497
0.96048;	1.535
0.96195;	1.566
0.96318;	1.582
0.96490;	1.617
0.96613;	1.66
0.96735;	1.682
0.96858;	1.743
0.97005;	1.774
0.97128;	1.812
0.97251;	1.866
0.97374;	1.965
0.97496;	2.076
0.97619;	2.141
0.97742;	2.196
0.97865;	2.291
0.97987;	2.422
0.98110;	2.565
0.98233;	2.621
0.98355;	2.888
0.98478;	3.13
0.98625;	3.378
0.98773;	4.275
0.98895;	4.952
0.99018;	5.574
0.99141;	5.84
0.99264;	6.094
0.99386;	6.675
0.99509;	8.476
0.99632;	13.46
0.99755;	19.556
0.99877;	31.551
1.00000;	161.129

=========================

===== Time to Reach Source [s] (YouTube (Cellular)) =====
0.00060;	0.186
0.00361;	0.213
0.00661;	0.225
0.00902;	0.244
0.01323;	0.249
0.01924;	0.262
0.02405;	0.268
0.02766;	0.274
0.03428;	0.278
0.03668;	0.284
0.04149;	0.288
0.04690;	0.294
0.05111;	0.298
0.05652;	0.302
0.06194;	0.306
0.06915;	0.31
0.07517;	0.314
0.07937;	0.319
0.08479;	0.324
0.08960;	0.328
0.09621;	0.332
0.10162;	0.336
0.10824;	0.34
0.11365;	0.344
0.11846;	0.348
0.12628;	0.353
0.13169;	0.358
0.13830;	0.362
0.14432;	0.366
0.14853;	0.371
0.15634;	0.375
0.16176;	0.379
0.16897;	0.383
0.17438;	0.388
0.18100;	0.393
0.19122;	0.397
0.19964;	0.401
0.20746;	0.405
0.21167;	0.41
0.22369;	0.415
0.22971;	0.419
0.23512;	0.424
0.24233;	0.428
0.25135;	0.432
0.25797;	0.436
0.26398;	0.44
0.26939;	0.444
0.27480;	0.45
0.28022;	0.454
0.28863;	0.458
0.29585;	0.462
0.30066;	0.466
0.30547;	0.47
0.31269;	0.474
0.31990;	0.478
0.32471;	0.482
0.32952;	0.486
0.33373;	0.49
0.33915;	0.494
0.34456;	0.498
0.35177;	0.502
0.35839;	0.508
0.36741;	0.513
0.37583;	0.519
0.38004;	0.523
0.38785;	0.527
0.39447;	0.531
0.40469;	0.536
0.40890;	0.54
0.41551;	0.544
0.42453;	0.55
0.42934;	0.554
0.43476;	0.558
0.44077;	0.563
0.44498;	0.569
0.45159;	0.573
0.45881;	0.579
0.46422;	0.583
0.47264;	0.587
0.47865;	0.591
0.48346;	0.595
0.48827;	0.6
0.49609;	0.605
0.49970;	0.609
0.50571;	0.614
0.51173;	0.619
0.51774;	0.623
0.52315;	0.628
0.52616;	0.633
0.52977;	0.637
0.53337;	0.641
0.53818;	0.645
0.54480;	0.65
0.54901;	0.656
0.55382;	0.661
0.55743;	0.667
0.56224;	0.673
0.56645;	0.678
0.57246;	0.682
0.57727;	0.687
0.58148;	0.691
0.58629;	0.695
0.59290;	0.701
0.59832;	0.706
0.60253;	0.712
0.60613;	0.719
0.61094;	0.723
0.61395;	0.731
0.61936;	0.74
0.62237;	0.746
0.62598;	0.752
0.63019;	0.759
0.63500;	0.763
0.63800;	0.767
0.64101;	0.775
0.64522;	0.781
0.64943;	0.789
0.65424;	0.8
0.65664;	0.807
0.65905;	0.814
0.66326;	0.824
0.66566;	0.832
0.67048;	0.841
0.67468;	0.852
0.68010;	0.862
0.68310;	0.871
0.68611;	0.877
0.68972;	0.887
0.69393;	0.894
0.69753;	0.899
0.70054;	0.914
0.70655;	0.919
0.70956;	0.928
0.71257;	0.936
0.71557;	0.945
0.71978;	0.956
0.72219;	0.971
0.72459;	0.982
0.72700;	0.986
0.73001;	0.991
0.73241;	1.003
0.73542;	1.015
0.73782;	1.021
0.74023;	1.028
0.74324;	1.041
0.74564;	1.05
0.74865;	1.055
0.75165;	1.072
0.75526;	1.082
0.75767;	1.089
0.76127;	1.101
0.76548;	1.113
0.76849;	1.129
0.77150;	1.136
0.77450;	1.144
0.77751;	1.151
0.77992;	1.162
0.78473;	1.173
0.78713;	1.179
0.78954;	1.195
0.79375;	1.206
0.79675;	1.211
0.79916;	1.222
0.80156;	1.235
0.80397;	1.248
0.80637;	1.277
0.80878;	1.296
0.81118;	1.313
0.81359;	1.335
0.81660;	1.371
0.81900;	1.382
0.82201;	1.391
0.82441;	1.416
0.82682;	1.434
0.82983;	1.461
0.83223;	1.492
0.83464;	1.524
0.83764;	1.548
0.84005;	1.565
0.84245;	1.588
0.84486;	1.627
0.84726;	1.658
0.84967;	1.68
0.85207;	1.707
0.85448;	1.738
0.85689;	1.764
0.85929;	1.783
0.86170;	1.826
0.86410;	1.884
0.86651;	1.907
0.86891;	1.953
0.87132;	1.989
0.87372;	2.01
0.87613;	2.047
0.87853;	2.076
0.88154;	2.102
0.88394;	2.162
0.88635;	2.21
0.88876;	2.258
0.89116;	2.317
0.89357;	2.333
0.89597;	2.402
0.89838;	2.463
0.90138;	2.501
0.90379;	2.548
0.90619;	2.624
0.90860;	2.669
0.91100;	2.78
0.91341;	2.845
0.91581;	2.938
0.91882;	2.989
0.92123;	3.08
0.92363;	3.191
0.92604;	3.25
0.92844;	3.402
0.93085;	3.587
0.93325;	3.675
0.93566;	3.754
0.93806;	3.955
0.94047;	4.16
0.94287;	4.263
0.94528;	4.354
0.94768;	4.455
0.95009;	4.567
0.95250;	4.682
0.95490;	5.129
0.95731;	5.27
0.95971;	5.589
0.96212;	5.902
0.96452;	6.375
0.96693;	6.615
0.96933;	6.918
0.97174;	7.695
0.97414;	7.971
0.97655;	8.272
0.97895;	8.979
0.98136;	9.447
0.98376;	9.882
0.98617;	11.636
0.98857;	12.891
0.99098;	15.752
0.99339;	19.321
0.99579;	25.446
0.99820;	196.097

=========================

===== Time to Reach Source [s] (DTube (WiFi)) =====
0.00055;	0.152
0.00385;	0.369
0.00714;	0.408
0.01044;	0.443
0.01593;	0.462
0.01978;	0.477
0.02418;	0.484
0.02802;	0.505
0.03187;	0.516
0.03681;	0.524
0.04231;	0.537
0.04725;	0.546
0.05275;	0.555
0.05879;	0.565
0.06538;	0.585
0.06978;	0.593
0.07857;	0.604
0.08462;	0.614
0.09341;	0.621
0.10055;	0.63
0.10604;	0.637
0.11154;	0.646
0.11868;	0.653
0.12418;	0.659
0.13242;	0.666
0.13846;	0.672
0.14505;	0.681
0.15110;	0.688
0.15934;	0.696
0.16374;	0.706
0.17088;	0.718
0.18022;	0.724
0.18626;	0.73
0.19396;	0.737
0.20000;	0.744
0.20714;	0.751
0.21099;	0.758
0.21593;	0.764
0.22198;	0.77
0.22692;	0.779
0.23462;	0.785
0.24176;	0.793
0.24725;	0.802
0.25330;	0.81
0.26044;	0.82
0.26813;	0.827
0.27363;	0.834
0.28022;	0.841
0.28791;	0.848
0.29341;	0.856
0.30000;	0.865
0.30659;	0.872
0.31429;	0.88
0.32253;	0.889
0.32912;	0.896
0.33516;	0.907
0.34176;	0.915
0.34560;	0.923
0.35330;	0.932
0.36154;	0.939
0.36923;	0.946
0.37747;	0.952
0.38297;	0.958
0.39066;	0.967
0.39670;	0.973
0.40165;	0.98
0.40659;	0.988
0.41154;	1.001
0.41813;	1.012
0.42363;	1.018
0.43022;	1.028
0.43681;	1.039
0.44176;	1.048
0.44725;	1.057
0.45110;	1.067
0.45549;	1.075
0.45989;	1.084
0.46429;	1.093
0.47143;	1.1
0.47692;	1.107
0.48132;	1.119
0.48571;	1.132
0.49176;	1.14
0.49615;	1.155
0.50110;	1.164
0.50659;	1.174
0.51319;	1.185
0.51868;	1.197
0.52308;	1.208
0.52747;	1.226
0.53242;	1.238
0.53791;	1.25
0.54231;	1.262
0.54615;	1.273
0.55000;	1.283
0.55385;	1.289
0.56044;	1.303
0.56538;	1.311
0.57033;	1.32
0.57473;	1.33
0.57857;	1.341
0.58187;	1.352
0.58791;	1.363
0.59286;	1.381
0.59725;	1.396
0.60110;	1.417
0.60714;	1.434
0.61099;	1.446
0.61593;	1.458
0.61978;	1.481
0.62418;	1.499
0.62857;	1.512
0.63242;	1.522
0.63736;	1.545
0.64176;	1.567
0.64505;	1.59
0.64835;	1.61
0.65220;	1.633
0.65549;	1.654
0.65989;	1.668
0.66429;	1.687
0.66813;	1.717
0.67143;	1.752
0.67473;	1.796
0.67802;	1.817
0.68187;	1.837
0.68736;	1.862
0.69066;	1.873
0.69396;	1.897
0.69835;	1.912
0.70275;	1.944
0.70714;	1.98
0.71099;	2.004
0.71429;	2.02
0.71813;	2.068
0.72143;	2.117
0.72527;	2.141
0.72967;	2.175
0.73352;	2.201
0.73681;	2.244
0.74066;	2.267
0.74451;	2.302
0.74780;	2.329
0.75165;	2.352
0.75495;	2.383
0.75824;	2.397
0.76209;	2.451
0.76538;	2.481
0.76868;	2.526
0.77198;	2.597
0.77582;	2.627
0.77967;	2.69
0.78297;	2.765
0.78626;	2.807
0.79011;	2.861
0.79341;	2.912
0.79780;	2.958
0.80110;	2.993
0.80440;	3.05
0.80824;	3.109
0.81154;	3.205
0.81484;	3.321
0.81868;	3.438
0.82198;	3.509
0.82582;	3.567
0.82912;	3.654
0.83242;	3.753
0.83626;	3.836
0.83956;	3.924
0.84286;	4.06
0.84670;	4.25
0.85000;	4.341
0.85330;	4.391
0.85659;	4.564
0.85989;	4.604
0.86319;	4.652
0.86648;	4.742
0.86978;	4.855
0.87308;	4.921
0.87637;	5.075
0.87967;	5.152
0.88297;	5.275
0.88626;	5.532
0.88956;	5.768
0.89286;	6.084
0.89615;	6.247
0.89945;	6.506
0.90275;	6.67
0.90604;	6.956
0.90934;	7.164
0.91264;	7.467
0.91593;	7.856
0.91978;	8.22
0.92308;	8.736
0.92637;	9.181
0.92967;	9.535
0.93297;	9.754
0.93626;	9.931
0.93956;	10.213
0.94286;	11.256
0.94615;	12.103
0.94945;	13.138
0.95275;	14.468
0.95604;	16.722
0.95934;	18.133
0.96264;	19.983
0.96593;	26.205
0.96923;	32.815
0.97253;	38.934
0.97582;	84.625
0.97912;	122.189
0.98242;	156.706
0.98571;	279.563
0.98901;	360.724
0.99231;	538.858
0.99560;	606.113
0.99890;	1739.987

=========================

===== Time to Reach Source [s] (DTube (Cellular)) =====
0.00101;	0.428
0.00503;	0.63
0.00905;	0.692
0.01308;	0.721
0.01710;	0.742
0.02113;	0.766
0.02616;	0.784
0.03018;	0.798
0.03521;	0.815
0.03924;	0.831
0.04527;	0.841
0.05231;	0.859
0.05734;	0.869
0.06237;	0.885
0.06640;	0.891
0.07143;	0.903
0.07746;	0.915
0.08249;	0.921
0.08853;	0.932
0.09256;	0.94
0.09759;	0.95
0.10161;	0.957
0.10765;	0.968
0.11167;	0.975
0.11771;	0.985
0.12475;	0.991
0.12877;	1.009
0.13280;	1.019
0.13783;	1.024
0.14386;	1.032
0.14789;	1.042
0.15191;	1.048
0.15795;	1.056
0.16600;	1.068
0.17002;	1.072
0.17505;	1.08
0.18008;	1.086
0.18612;	1.1
0.19014;	1.107
0.19416;	1.113
0.20020;	1.123
0.20624;	1.131
0.21227;	1.138
0.21932;	1.143
0.22334;	1.152
0.22837;	1.164
0.23340;	1.169
0.23742;	1.178
0.24447;	1.188
0.25050;	1.198
0.25654;	1.216
0.26258;	1.225
0.26660;	1.234
0.27062;	1.239
0.27465;	1.248
0.27867;	1.269
0.28471;	1.276
0.28974;	1.285
0.29779;	1.291
0.30181;	1.3
0.30684;	1.312
0.31087;	1.333
0.31590;	1.341
0.32294;	1.363
0.32696;	1.379
0.33199;	1.386
0.33602;	1.396
0.34105;	1.407
0.34608;	1.412
0.35111;	1.42
0.35815;	1.427
0.36419;	1.445
0.37022;	1.453
0.37425;	1.466
0.37928;	1.484
0.38330;	1.494
0.38732;	1.503
0.39336;	1.524
0.39738;	1.534
0.40241;	1.546
0.40644;	1.571
0.41247;	1.583
0.41650;	1.594
0.42052;	1.609
0.42555;	1.616
0.43058;	1.631
0.43461;	1.648
0.43863;	1.667
0.44266;	1.682
0.44668;	1.697
0.45070;	1.735
0.45573;	1.751
0.46076;	1.796
0.46479;	1.83
0.46881;	1.851
0.47284;	1.861
0.47686;	1.881
0.48089;	1.905
0.48491;	1.918
0.48893;	1.929
0.49396;	1.944
0.49799;	1.974
0.50302;	1.991
0.50704;	2.003
0.51107;	2.06
0.51509;	2.077
0.51911;	2.107
0.52314;	2.154
0.52716;	2.2
0.53119;	2.241
0.53622;	2.276
0.54125;	2.35
0.54628;	2.402
0.55030;	2.435
0.55433;	2.459
0.55835;	2.489
0.56338;	2.531
0.56740;	2.559
0.57143;	2.596
0.57545;	2.623
0.58048;	2.652
0.58451;	2.679
0.58853;	2.746
0.59256;	2.801
0.59658;	2.88
0.60060;	2.911
0.60463;	2.925
0.60966;	2.969
0.61368;	2.992
0.61771;	3.075
0.62173;	3.125
0.62575;	3.177
0.62978;	3.221
0.63380;	3.265
0.63783;	3.324
0.64185;	3.373
0.64588;	3.43
0.65091;	3.448
0.65493;	3.471
0.65895;	3.519
0.66298;	3.531
0.66700;	3.559
0.67304;	3.582
0.67706;	3.649
0.68109;	3.68
0.68511;	3.749
0.68913;	3.783
0.69316;	3.837
0.69718;	3.846
0.70121;	3.876
0.70523;	3.94
0.71026;	4.01
0.71529;	4.043
0.72032;	4.09
0.72435;	4.12
0.72837;	4.178
0.73239;	4.252
0.73642;	4.287
0.74044;	4.356
0.74447;	4.415
0.74849;	4.446
0.75252;	4.497
0.75654;	4.54
0.76056;	4.642
0.76459;	4.722
0.76861;	4.795
0.77264;	4.866
0.77666;	4.899
0.78068;	5.111
0.78471;	5.151
0.78873;	5.215
0.79276;	5.335
0.79678;	5.428
0.80181;	5.52
0.80584;	5.761
0.80986;	5.889
0.81388;	5.942
0.81891;	6.072
0.82294;	6.207
0.82696;	6.25
0.83099;	6.417
0.83501;	6.483
0.83903;	6.604
0.84306;	6.717
0.84708;	6.767
0.85111;	6.791
0.85513;	6.947
0.85915;	7.051
0.86318;	7.123
0.86720;	7.199
0.87123;	7.372
0.87525;	7.546
0.87928;	7.651
0.88330;	7.736
0.88732;	8.013
0.89135;	8.174
0.89537;	8.342
0.89940;	8.638
0.90342;	8.707
0.90744;	8.882
0.91147;	9.062
0.91549;	9.524
0.92052;	9.712
0.92455;	10.006
0.92857;	10.262
0.93260;	10.547
0.93662;	10.872
0.94064;	11.105
0.94467;	11.686
0.94869;	12.444
0.95272;	12.648
0.95674;	12.864
0.96076;	13.468
0.96479;	13.932
0.96881;	15.331
0.97284;	16.782
0.97686;	18.749
0.98089;	21.058
0.98491;	25.903
0.98893;	33.196
0.99296;	45.512
0.99698;	181.669

=========================

