===== Total Played Duration [s] (YouTube (WiFi)) =====
0.00025;	2.663
0.00049;	2.697
0.00074;	2.758
0.00098;	9.057
0.00123;	9.748
0.00147;	12.051
0.00172;	12.056
0.00221;	12.058
0.00245;	13.822
0.00270;	15.025
0.00295;	15.262
0.00344;	17.818
0.00368;	23.318
0.00393;	24.476
0.00417;	24.477
0.00442;	25.543
0.00466;	25.551
0.00491;	26.178
0.00515;	26.944
0.00540;	27.105
0.00565;	27.379
0.00589;	29.539
0.00614;	29.54
0.00638;	29.544
0.00663;	29.908
0.00687;	29.911
0.00712;	30.001
0.00736;	30.003
0.00761;	30.075
0.00785;	30.141
0.00810;	31.86
0.00835;	31.863
0.00859;	34.139
0.00884;	34.319
0.00908;	34.344
0.00933;	34.351
0.00957;	34.93
0.00982;	38.342
0.01006;	40.014
0.01031;	41.388
0.01055;	42.891
0.01080;	42.895
0.01105;	44.654
0.01129;	44.659
0.01154;	44.66
0.01178;	45.306
0.01203;	45.307
0.01227;	46.031
0.01252;	46.301
0.01276;	46.305
0.01301;	46.306
0.01325;	47.417
0.01350;	47.928
0.01375;	48.322
0.01399;	48.325
0.01424;	48.328
0.01448;	49.464
0.01473;	49.833
0.01497;	49.879
0.01522;	50.299
0.01546;	50.366
0.01571;	50.368
0.01595;	50.369
0.01620;	50.37
0.01669;	50.371
0.01694;	50.372
0.01718;	50.373
0.01743;	50.391
0.01767;	50.531
0.01792;	50.577
0.01816;	51.735
0.01841;	51.739
0.01865;	51.743
0.01890;	52.139
0.01915;	52.972
0.01939;	54.108
0.01964;	54.663
0.01988;	54.693
0.02013;	54.738
0.02037;	54.938
0.02062;	54.94
0.02086;	54.943
0.02111;	55.339
0.02135;	55.57
0.02160;	55.574
0.02185;	55.994
0.02209;	56.224
0.02258;	56.225
0.02283;	56.564
0.02307;	56.572
0.02332;	56.573
0.02356;	56.709
0.02381;	56.713
0.02405;	57.123
0.02430;	58.096
0.02455;	58.099
0.02479;	58.704
0.02504;	58.707
0.02528;	58.789
0.02553;	59.096
0.02577;	59.521
0.02602;	59.611
0.02626;	59.613
0.02651;	59.616
0.02676;	59.667
0.02700;	59.709
0.02725;	59.717
0.02774;	59.727
0.02798;	59.732
0.02823;	59.739
0.02847;	59.741
0.02872;	59.742
0.02921;	59.754
0.02946;	59.758
0.02970;	59.769
0.02995;	59.77
0.03019;	59.774
0.03044;	59.777
0.03068;	59.781
0.03093;	59.782
0.03142;	59.787
0.03166;	59.788
0.03191;	59.789
0.03216;	59.79
0.03265;	59.791
0.03338;	59.793
0.03436;	59.794
0.03510;	59.795
0.03608;	59.796
0.03657;	59.797
0.03706;	59.798
0.03731;	59.799
0.03829;	59.8
0.03903;	59.801
0.04001;	59.802
0.04124;	59.803
0.04271;	59.804
0.04418;	59.805
0.04492;	59.806
0.04541;	59.807
0.04737;	59.808
0.04934;	59.809
0.05032;	59.81
0.05179;	59.811
0.05400;	59.812
0.05646;	59.813
0.05842;	59.814
0.06063;	59.815
0.06186;	59.816
0.06382;	59.817
0.06578;	59.818
0.06652;	59.819
0.07020;	59.82
0.07339;	59.821
0.07707;	59.822
0.07904;	59.823
0.08100;	59.824
0.08247;	59.825
0.08468;	59.826
0.08787;	59.827
0.08984;	59.828
0.09107;	59.829
0.09377;	59.83
0.09548;	59.831
0.09720;	59.832
0.10064;	59.833
0.10506;	59.834
0.10800;	59.835
0.10923;	59.836
0.11242;	59.837
0.11537;	59.838
0.11733;	59.839
0.12003;	59.84
0.12371;	59.841
0.12739;	59.842
0.13108;	59.843
0.13623;	59.844
0.14335;	59.845
0.15120;	59.846
0.15734;	59.847
0.16470;	59.848
0.17329;	59.849
0.18311;	59.85
0.19391;	59.851
0.20324;	59.852
0.21649;	59.853
0.23098;	59.854
0.24153;	59.855
0.25577;	59.856
0.26829;	59.857
0.28400;	59.858
0.29848;	59.859
0.31492;	59.86
0.33260;	59.861
0.35518;	59.862
0.37629;	59.863
0.39126;	59.864
0.41237;	59.865
0.42685;	59.866
0.44354;	59.867
0.46048;	59.868
0.47496;	59.869
0.48920;	59.87
0.50270;	59.871
0.51522;	59.872
0.52185;	59.873
0.53068;	59.874
0.53682;	59.875
0.54443;	59.876
0.55106;	59.877
0.55768;	59.878
0.56186;	59.879
0.56922;	59.88
0.57462;	59.881
0.58100;	59.882
0.58959;	59.883
0.59647;	59.884
0.60481;	59.885
0.61217;	59.886
0.62052;	59.887
0.62985;	59.888
0.63770;	59.889
0.64752;	59.89
0.65734;	59.891
0.66618;	59.892
0.67919;	59.893
0.69269;	59.894
0.70054;	59.895
0.70815;	59.896
0.71404;	59.897
0.72189;	59.898
0.73000;	59.899
0.73441;	59.9
0.73932;	59.901
0.74399;	59.902
0.74816;	59.903
0.75331;	59.904
0.75552;	59.905
0.75871;	59.906
0.76240;	59.907
0.76510;	59.908
0.76829;	59.909
0.77123;	59.91
0.77418;	59.911
0.77835;	59.912
0.78228;	59.913
0.78866;	59.914
0.79308;	59.915
0.79725;	59.916
0.80191;	59.917
0.80952;	59.918
0.81345;	59.919
0.81787;	59.92
0.82253;	59.921
0.82769;	59.922
0.83358;	59.923
0.84168;	59.924
0.84904;	59.925
0.85984;	59.926
0.86647;	59.927
0.87776;	59.928
0.88807;	59.929
0.89715;	59.93
0.90746;	59.931
0.91605;	59.932
0.92489;	59.933
0.93152;	59.934
0.93986;	59.935
0.94698;	59.936
0.95606;	59.937
0.96146;	59.938
0.96588;	59.939
0.97104;	59.94
0.97545;	59.941
0.97766;	59.942
0.98061;	59.943
0.98257;	59.944
0.98478;	59.945
0.98724;	59.946
0.99018;	59.947
0.99067;	59.948
0.99165;	59.949
0.99239;	59.95
0.99337;	59.951
0.99362;	59.952
0.99386;	59.953
0.99435;	59.954
0.99485;	59.955
0.99534;	59.956
0.99583;	59.959
0.99632;	59.961
0.99681;	59.962
0.99705;	59.965
0.99730;	59.969
0.99779;	59.97
0.99828;	59.972
0.99853;	59.974
0.99877;	59.975
0.99926;	59.977
0.99951;	59.978
0.99975;	59.983
1.00000;	60.027

=========================

===== Total Played Duration [s] (YouTube (Cellular)) =====
0.00060;	2.778
0.00120;	9.136
0.00180;	9.402
0.00241;	9.908
0.00301;	10.204
0.00361;	13.122
0.00421;	13.562
0.00481;	13.819
0.00541;	13.822
0.00601;	13.824
0.00661;	16.235
0.00722;	16.816
0.00782;	17.489
0.00842;	18.19
0.00902;	19.695
0.00962;	20.629
0.01022;	20.888
0.01082;	22.855
0.01143;	24.485
0.01203;	24.709
0.01263;	26.175
0.01323;	26.939
0.01383;	27.068
0.01443;	28.803
0.01503;	29.586
0.01563;	29.591
0.01624;	29.918
0.01684;	30.006
0.01804;	30.075
0.01864;	30.077
0.01924;	30.354
0.01984;	31.051
0.02044;	32.194
0.02105;	32.724
0.02165;	32.893
0.02225;	33.055
0.02285;	36.969
0.02345;	36.97
0.02405;	37.045
0.02465;	37.064
0.02526;	38.03
0.02586;	38.621
0.02646;	39.619
0.02706;	40.523
0.02766;	40.557
0.02826;	42.056
0.02886;	42.06
0.02946;	42.062
0.03007;	42.171
0.03067;	42.594
0.03127;	42.653
0.03187;	42.776
0.03247;	43.497
0.03307;	43.545
0.03367;	44.542
0.03428;	45.122
0.03488;	45.262
0.03548;	45.534
0.03608;	46.304
0.03668;	46.585
0.03728;	46.588
0.03788;	46.634
0.03848;	47.071
0.03909;	47.074
0.03969;	48.576
0.04029;	48.706
0.04089;	49.069
0.04149;	49.339
0.04209;	49.949
0.04269;	50.064
0.04330;	50.066
0.04390;	50.069
0.04450;	50.843
0.04510;	51.078
0.04570;	51.688
0.04630;	51.899
0.04690;	51.968
0.04750;	52.412
0.04811;	52.964
0.04871;	53.17
0.04931;	53.229
0.04991;	53.522
0.05051;	53.759
0.05111;	54.007
0.05171;	54.282
0.05232;	54.417
0.05292;	54.786
0.05352;	55.243
0.05412;	55.294
0.05472;	55.53
0.05532;	55.579
0.05592;	55.709
0.05652;	55.81
0.05713;	55.965
0.05773;	55.984
0.05833;	56.348
0.05893;	56.541
0.05953;	56.619
0.06013;	56.665
0.06073;	57.017
0.06133;	59.74
0.06194;	59.8
0.06254;	59.807
0.06314;	59.817
0.06434;	59.819
0.06494;	59.821
0.06554;	59.822
0.06615;	59.824
0.06735;	59.825
0.06975;	59.826
0.07035;	59.827
0.07096;	59.828
0.07216;	59.829
0.07456;	59.83
0.07517;	59.831
0.07637;	59.832
0.07877;	59.833
0.08118;	59.834
0.08298;	59.835
0.08779;	59.836
0.09080;	59.837
0.09381;	59.838
0.09862;	59.839
0.10343;	59.84
0.10824;	59.841
0.11606;	59.842
0.12026;	59.843
0.13049;	59.844
0.13710;	59.845
0.14672;	59.846
0.15695;	59.847
0.16416;	59.848
0.17438;	59.849
0.18521;	59.85
0.19904;	59.851
0.21347;	59.852
0.23331;	59.853
0.24895;	59.854
0.26158;	59.855
0.28022;	59.856
0.29826;	59.857
0.31870;	59.858
0.34035;	59.859
0.36741;	59.86
0.39387;	59.861
0.41672;	59.862
0.44077;	59.863
0.46482;	59.864
0.49910;	59.865
0.52676;	59.866
0.55081;	59.867
0.57066;	59.868
0.58809;	59.869
0.60673;	59.87
0.61515;	59.871
0.62658;	59.872
0.63560;	59.873
0.64221;	59.874
0.64582;	59.875
0.64762;	59.876
0.65003;	59.877
0.65063;	59.878
0.65244;	59.879
0.65544;	59.88
0.65845;	59.881
0.66085;	59.882
0.66927;	59.883
0.67769;	59.884
0.68370;	59.885
0.69032;	59.886
0.69453;	59.887
0.69994;	59.888
0.70235;	59.889
0.70716;	59.89
0.71317;	59.891
0.71918;	59.892
0.72399;	59.893
0.73001;	59.894
0.73181;	59.895
0.73422;	59.896
0.73842;	59.897
0.74083;	59.898
0.74384;	59.899
0.74444;	59.9
0.74504;	59.901
0.74684;	59.902
0.74805;	59.904
0.74985;	59.906
0.75045;	59.907
0.75165;	59.909
0.75225;	59.91
0.75466;	59.911
0.75707;	59.912
0.76007;	59.913
0.76368;	59.914
0.76789;	59.915
0.77210;	59.916
0.77811;	59.917
0.78653;	59.918
0.79375;	59.919
0.80397;	59.92
0.81600;	59.921
0.82622;	59.922
0.83343;	59.923
0.84486;	59.924
0.85628;	59.925
0.87072;	59.926
0.87733;	59.927
0.88755;	59.928
0.89657;	59.929
0.90138;	59.93
0.90740;	59.931
0.91642;	59.932
0.92363;	59.933
0.93145;	59.934
0.93867;	59.935
0.94348;	59.936
0.94949;	59.937
0.95490;	59.938
0.96031;	59.939
0.96392;	59.94
0.96993;	59.941
0.97474;	59.942
0.97715;	59.943
0.98196;	59.944
0.98497;	59.945
0.98737;	59.946
0.99218;	59.947
0.99339;	59.948
0.99579;	59.949
0.99820;	59.95
0.99880;	59.953
0.99940;	59.954
1.00000;	59.957

=========================

===== Total Played Duration [s] (DTube (WiFi)) =====
0.00055;	4.008
0.00110;	7.958
0.00165;	10.164
0.00220;	10.611
0.00275;	13.012
0.00330;	14.854
0.00385;	15.072
0.00440;	15.559
0.00495;	15.564
0.00549;	15.565
0.00604;	16.391
0.00659;	17.372
0.00714;	17.373
0.00769;	18.047
0.00824;	19.265
0.00879;	20.884
0.00934;	25.823
0.00989;	26.567
0.01044;	26.775
0.01099;	26.901
0.01154;	28.68
0.01209;	29.495
0.01264;	30.054
0.01319;	30.895
0.01374;	31.242
0.01429;	32.154
0.01484;	32.156
0.01538;	32.158
0.01593;	34.055
0.01648;	34.056
0.01703;	36.589
0.01758;	38.6
0.01813;	38.608
0.01868;	38.728
0.01923;	38.729
0.01978;	38.77
0.02033;	38.771
0.02088;	39.711
0.02143;	40.597
0.02198;	43.567
0.02253;	43.62
0.02308;	44.57
0.02363;	44.575
0.02418;	48.065
0.02473;	48.069
0.02527;	48.325
0.02582;	48.654
0.02637;	49.924
0.02692;	54.2
0.02747;	54.468
0.02802;	54.477
0.02857;	54.642
0.02912;	55.153
0.02967;	55.364
0.03022;	55.383
0.03077;	55.613
0.03132;	55.993
0.03187;	56.216
0.03242;	57.271
0.03297;	57.293
0.03352;	58.301
0.03407;	58.874
0.03462;	59.006
0.03516;	59.026
0.03571;	59.075
0.03626;	59.53
0.03681;	59.544
0.03736;	59.742
0.03791;	59.771
0.03846;	59.775
0.03901;	59.777
0.03956;	59.779
0.04011;	59.783
0.04066;	59.789
0.04121;	59.793
0.04176;	59.794
0.04231;	59.795
0.04286;	59.797
0.04505;	59.799
0.04560;	59.8
0.04725;	59.801
0.04835;	59.802
0.04890;	59.803
0.05055;	59.804
0.05110;	59.806
0.05330;	59.807
0.05549;	59.808
0.05659;	59.809
0.05824;	59.81
0.05989;	59.811
0.06264;	59.812
0.06429;	59.813
0.06484;	59.814
0.06758;	59.815
0.06813;	59.816
0.06978;	59.817
0.07308;	59.818
0.07527;	59.819
0.07802;	59.821
0.08022;	59.822
0.08077;	59.824
0.08242;	59.825
0.08571;	59.826
0.08626;	59.827
0.08791;	59.828
0.08956;	59.829
0.09121;	59.83
0.09451;	59.831
0.09505;	59.832
0.09615;	59.833
0.09835;	59.834
0.10110;	59.835
0.10275;	59.836
0.10549;	59.837
0.10714;	59.838
0.10879;	59.839
0.10934;	59.84
0.11264;	59.841
0.11374;	59.842
0.11538;	59.843
0.11978;	59.844
0.12198;	59.845
0.12637;	59.846
0.13132;	59.847
0.13407;	59.848
0.14011;	59.849
0.14560;	59.85
0.15110;	59.851
0.16044;	59.852
0.17198;	59.853
0.18242;	59.854
0.18681;	59.855
0.19286;	59.856
0.20055;	59.857
0.20549;	59.858
0.20934;	59.859
0.21538;	59.86
0.22088;	59.861
0.22747;	59.862
0.23352;	59.863
0.23901;	59.864
0.24066;	59.865
0.24451;	59.866
0.24725;	59.867
0.25220;	59.868
0.25714;	59.869
0.26044;	59.87
0.26264;	59.871
0.26538;	59.872
0.26703;	59.873
0.27143;	59.874
0.27253;	59.875
0.27747;	59.876
0.28077;	59.877
0.28736;	59.878
0.29560;	59.879
0.30549;	59.88
0.31374;	59.881
0.32692;	59.882
0.33901;	59.883
0.35055;	59.884
0.36099;	59.885
0.37747;	59.886
0.38681;	59.887
0.39725;	59.888
0.40659;	59.889
0.41209;	59.89
0.42088;	59.891
0.42912;	59.892
0.43681;	59.893
0.44121;	59.894
0.44890;	59.895
0.45440;	59.896
0.46154;	59.897
0.46868;	59.898
0.47253;	59.899
0.47802;	59.9
0.48242;	59.901
0.48407;	59.902
0.48681;	59.903
0.48846;	59.904
0.49121;	59.905
0.49560;	59.906
0.49835;	59.907
0.50275;	59.908
0.50824;	59.909
0.51374;	59.91
0.51978;	59.911
0.53077;	59.912
0.54011;	59.913
0.55165;	59.914
0.56319;	59.915
0.57418;	59.916
0.58626;	59.917
0.59945;	59.918
0.61429;	59.919
0.62692;	59.92
0.64176;	59.921
0.65110;	59.922
0.66264;	59.923
0.67637;	59.924
0.69286;	59.925
0.70549;	59.926
0.72033;	59.927
0.73297;	59.928
0.74615;	59.929
0.75824;	59.93
0.77363;	59.931
0.79231;	59.932
0.80934;	59.933
0.82308;	59.934
0.83901;	59.935
0.84890;	59.936
0.85989;	59.937
0.88077;	59.938
0.89451;	59.939
0.90659;	59.94
0.91758;	59.941
0.92637;	59.942
0.93516;	59.943
0.94231;	59.944
0.95330;	59.945
0.95879;	59.946
0.96319;	59.947
0.96813;	59.948
0.97033;	59.949
0.97308;	59.95
0.97692;	59.951
0.97747;	59.952
0.97857;	59.953
0.97912;	59.954
0.98022;	59.956
0.98132;	59.957
0.98187;	59.958
0.98242;	59.96
0.98297;	59.961
0.98462;	59.962
0.98516;	59.963
0.98791;	59.965
0.98901;	59.966
0.99011;	59.967
0.99066;	59.968
0.99121;	59.969
0.99176;	59.97
0.99231;	59.972
0.99286;	59.973
0.99341;	59.983
0.99396;	60.02
0.99451;	60.055
0.99505;	60.083
0.99560;	60.159
0.99615;	60.174
0.99670;	60.228
0.99725;	60.257
0.99780;	60.276
0.99835;	60.319
0.99890;	60.945
0.99945;	62.532
1.00000;	62.639

=========================

===== Total Played Duration [s] (DTube (Cellular)) =====
0.00101;	3.185
0.00201;	5.252
0.00302;	5.768
0.00402;	9.404
0.00503;	9.805
0.00604;	11.905
0.00704;	13.005
0.00805;	13.011
0.00905;	13.356
0.01006;	16.185
0.01107;	20.812
0.01207;	21.15
0.01308;	26.505
0.01408;	26.706
0.01509;	26.707
0.01610;	26.708
0.01710;	28.797
0.01811;	31.188
0.01911;	31.24
0.02012;	31.988
0.02213;	33.307
0.02414;	33.315
0.02515;	34.236
0.02616;	35.845
0.02716;	38.602
0.02817;	38.723
0.02918;	38.728
0.03018;	39.119
0.03119;	39.565
0.03219;	39.707
0.03320;	39.714
0.03421;	43.437
0.03521;	43.444
0.03622;	46.49
0.03722;	46.707
0.03823;	47.155
0.03924;	48.626
0.04024;	49.116
0.04125;	49.119
0.04225;	49.816
0.04326;	51.052
0.04427;	52.125
0.04527;	52.208
0.04628;	52.742
0.04728;	54.164
0.04829;	54.305
0.04930;	55.052
0.05030;	55.158
0.05131;	55.96
0.05231;	56.952
0.05332;	58.136
0.05433;	59.329
0.05533;	59.567
0.05634;	59.821
0.05734;	59.831
0.05835;	59.832
0.05936;	59.834
0.06036;	59.835
0.06237;	59.836
0.06338;	59.837
0.06539;	59.84
0.06640;	59.841
0.06740;	59.842
0.06841;	59.843
0.06942;	59.844
0.07042;	59.845
0.07344;	59.846
0.07545;	59.847
0.07746;	59.848
0.07847;	59.849
0.07948;	59.85
0.08753;	59.852
0.09054;	59.853
0.09356;	59.854
0.09859;	59.855
0.10262;	59.856
0.10865;	59.857
0.11167;	59.858
0.11771;	59.859
0.11972;	59.86
0.12072;	59.861
0.12575;	59.862
0.13179;	59.863
0.13783;	59.864
0.14487;	59.865
0.14990;	59.866
0.15493;	59.867
0.15694;	59.868
0.15895;	59.87
0.16097;	59.871
0.16298;	59.872
0.16499;	59.873
0.16600;	59.878
0.16700;	59.879
0.17203;	59.88
0.17304;	59.881
0.17505;	59.882
0.18008;	59.883
0.18712;	59.884
0.19115;	59.885
0.20523;	59.886
0.21227;	59.887
0.21831;	59.888
0.22334;	59.889
0.22837;	59.89
0.23441;	59.891
0.24044;	59.892
0.24447;	59.893
0.24648;	59.894
0.24950;	59.895
0.25453;	59.896
0.25553;	59.9
0.25755;	59.901
0.26056;	59.902
0.26157;	59.903
0.26459;	59.904
0.26761;	59.906
0.26962;	59.907
0.27163;	59.908
0.27565;	59.909
0.27968;	59.91
0.28370;	59.911
0.28672;	59.912
0.28974;	59.913
0.30483;	59.914
0.31087;	59.915
0.32193;	59.916
0.34406;	59.917
0.35714;	59.918
0.38229;	59.919
0.40845;	59.92
0.42857;	59.921
0.45875;	59.922
0.49698;	59.923
0.52213;	59.924
0.56439;	59.925
0.61066;	59.926
0.64185;	59.927
0.66097;	59.928
0.69014;	59.929
0.71429;	59.93
0.74044;	59.931
0.75755;	59.932
0.77666;	59.933
0.79980;	59.934
0.81590;	59.935
0.82495;	59.936
0.84708;	59.937
0.86519;	59.938
0.87425;	59.939
0.89537;	59.94
0.91348;	59.941
0.92656;	59.942
0.94366;	59.943
0.95674;	59.944
0.96579;	59.945
0.97384;	59.946
0.98290;	59.947
0.98793;	59.948
0.98893;	59.949
0.98994;	59.951
0.99195;	59.952
0.99497;	59.956
0.99598;	59.957
0.99698;	59.97
0.99799;	59.982
0.99899;	59.983
1.00000;	60.002

=========================

