===== Bandwidth Estimate [Mbps] (DTube + T-Mobile (DE)) =====
0.00429;	0.26505
0.00858;	0.2653
0.01288;	0.26553
0.01717;	0.26557
0.02146;	0.26559
0.02575;	0.2656
0.03004;	0.26569
0.03433;	0.26575
0.03863;	0.26581
0.04292;	0.26591
0.04721;	0.26924
0.05150;	0.27282
0.05579;	0.3918
0.06009;	0.39766
0.06438;	0.39808
0.06867;	0.39817
0.07296;	0.39853
0.07725;	0.39858
0.08155;	0.39938
0.08584;	0.40102
0.09013;	0.40108
0.09442;	0.40109
0.09871;	0.50153
0.10300;	0.52956
0.10730;	0.5296
0.11159;	0.52962
0.11588;	0.52988
0.12017;	0.53029
0.12446;	0.5313
0.12876;	0.5314
0.13305;	0.53178
0.13734;	0.53203
0.14163;	0.53534
0.14592;	0.53672
0.15021;	0.53682
0.15451;	0.62888
0.15880;	0.65618
0.16309;	0.66183
0.16738;	0.66309
0.17167;	0.66314
0.17597;	0.66339
0.18026;	0.66359
0.18455;	0.6636
0.18884;	0.66374
0.19313;	0.66411
0.19742;	0.66429
0.20172;	0.66439
0.20601;	0.6644
0.21030;	0.66624
0.21459;	0.6694
0.21888;	0.68156
0.22318;	0.75468
0.22747;	0.79293
0.23176;	0.79399
0.23605;	0.79399
0.24034;	0.79674
0.24464;	0.79702
0.24893;	0.79785
0.25322;	0.79832
0.25751;	0.79883
0.26180;	0.80005
0.26609;	0.80075
0.27039;	0.90908
0.27468;	0.92402
0.27897;	0.92405
0.28326;	0.92648
0.28755;	0.92677
0.29185;	0.92702
0.29614;	0.92831
0.30043;	0.93004
0.30472;	0.93008
0.30901;	0.93013
0.31330;	0.93026
0.31760;	0.93059
0.32189;	0.93064
0.32618;	0.93079
0.33047;	0.93126
0.33476;	0.93129
0.33906;	0.93163
0.34335;	0.93172
0.34764;	0.93213
0.35193;	0.93506
0.35622;	0.94286
0.36052;	0.94507
0.36481;	0.96939
0.36910;	0.99339
0.37339;	1.02198
0.37768;	1.0552
0.38197;	1.05774
0.38627;	1.05863
0.39056;	1.0596
0.39485;	1.06003
0.39914;	1.06034
0.40343;	1.06178
0.40773;	1.06354
0.41202;	1.06394
0.41631;	1.0644
0.42060;	1.06522
0.42489;	1.06527
0.42918;	1.07119
0.43348;	1.17225
0.43777;	1.19088
0.44206;	1.19415
0.44635;	1.19428
0.45064;	1.19559
0.45494;	1.19612
0.45923;	1.19738
0.46352;	1.19799
0.46781;	1.19805
0.47210;	1.19867
0.47639;	1.20049
0.48069;	1.20165
0.48498;	1.2048
0.48927;	1.29336
0.49356;	1.29643
0.49785;	1.31379
0.50215;	1.32136
0.50644;	1.32242
0.51073;	1.32457
0.51502;	1.32787
0.51931;	1.32884
0.52361;	1.32918
0.52790;	1.32969
0.53219;	1.32981
0.53648;	1.33087
0.54077;	1.33165
0.54506;	1.33191
0.54936;	1.33501
0.55365;	1.33566
0.55794;	1.44567
0.56223;	1.45515
0.56652;	1.4554
0.57082;	1.46324
0.57511;	1.46385
0.57940;	1.58665
0.58369;	1.58715
0.58798;	1.58803
0.59227;	1.58812
0.59657;	1.5889
0.60086;	1.58898
0.60515;	1.58989
0.60944;	1.59062
0.61373;	1.59231
0.61803;	1.59355
0.62232;	1.59602
0.62661;	1.59655
0.63090;	1.5969
0.63519;	1.59778
0.63948;	1.59839
0.64378;	1.59978
0.64807;	1.5998
0.65236;	1.5999
0.65665;	1.6014
0.66094;	1.6019
0.66524;	1.65664
0.66953;	1.71597
0.67382;	1.71913
0.67811;	1.72013
0.68240;	1.72453
0.68670;	1.72689
0.69099;	1.72733
0.69528;	1.72771
0.69957;	1.73209
0.70386;	1.73358
0.70815;	1.84783
0.71245;	1.86338
0.71674;	1.86419
0.72103;	1.86524
0.72532;	1.92892
0.72961;	1.9415
0.73391;	1.97342
0.73820;	1.98193
0.74249;	1.99341
0.74678;	1.99644
0.75107;	2.00602
0.75536;	2.11098
0.75966;	2.11295
0.76395;	2.1235
0.76824;	2.12563
0.77253;	2.15056
0.77682;	2.22995
0.78112;	2.24998
0.78541;	2.2703
0.78970;	2.27141
0.79399;	2.28102
0.79828;	2.38209
0.80258;	2.48988
0.80687;	2.52073
0.81116;	2.52388
0.81545;	2.52592
0.81974;	2.53274
0.82403;	2.53671
0.82833;	2.54501
0.83262;	2.54779
0.83691;	2.62927
0.84120;	2.66393
0.84549;	2.76859
0.84979;	2.79278
0.85408;	2.91343
0.85837;	2.91658
0.86266;	2.9281
0.86695;	2.99976
0.87124;	3.00288
0.87554;	3.17276
0.87983;	3.17687
0.88412;	3.18219
0.88841;	3.19796
0.89270;	3.32852
0.89700;	3.3312
0.90129;	3.33471
0.90558;	3.46968
0.90987;	3.4879
0.91416;	3.49757
0.91845;	3.55684
0.92275;	3.60896
0.92704;	3.70027
0.93133;	3.71561
0.93562;	3.73024
0.93991;	3.74471
0.94421;	4.10033
0.94850;	4.87714
0.95279;	5.40664
0.95708;	6.00457
0.96137;	6.17465
0.96567;	6.59834
0.96996;	9.10858
0.97425;	11.15865
0.97854;	14.47415
0.98283;	16.29327
0.98712;	16.38931
0.99142;	17.81317
0.99571;	21.8382
1.00000;	35.39427

=========================

===== Bandwidth Estimate [Mbps] (DTube + o2 (DE)) =====
0.00211;	0.26435
0.00633;	0.26514
0.01055;	0.26555
0.01477;	0.26565
0.01899;	0.26568
0.02321;	0.26569
0.02743;	0.26598
0.03165;	0.2665
0.03586;	0.36064
0.04008;	0.39614
0.04430;	0.39664
0.04852;	0.39686
0.05274;	0.39776
0.05696;	0.39802
0.06118;	0.39812
0.06540;	0.39826
0.06962;	0.39851
0.07384;	0.39856
0.07806;	0.39864
0.08228;	0.39895
0.08650;	0.40153
0.09072;	0.40474
0.09494;	0.40686
0.09916;	0.52293
0.10338;	0.52671
0.10759;	0.52838
0.11181;	0.52859
0.11603;	0.52908
0.12025;	0.53031
0.12447;	0.53045
0.12869;	0.53057
0.13291;	0.5309
0.13924;	0.53117
0.14346;	0.53123
0.14768;	0.53126
0.15190;	0.53137
0.15612;	0.53156
0.16034;	0.53238
0.16456;	0.53504
0.16878;	0.53733
0.17300;	0.65179
0.17722;	0.65645
0.18143;	0.65751
0.18565;	0.66031
0.18987;	0.66088
0.19409;	0.66165
0.19831;	0.66236
0.20253;	0.66328
0.20675;	0.66361
0.21097;	0.66375
0.21519;	0.66393
0.21941;	0.6641
0.22363;	0.66424
0.22785;	0.66449
0.23207;	0.66485
0.23629;	0.66502
0.24051;	0.66515
0.24473;	0.69302
0.24895;	0.75264
0.25316;	0.76963
0.25738;	0.78076
0.26160;	0.78479
0.26582;	0.78956
0.27004;	0.79147
0.27426;	0.79219
0.27848;	0.79319
0.28270;	0.79514
0.28692;	0.79699
0.29114;	0.79763
0.29536;	0.79784
0.29958;	0.80345
0.30380;	0.82326
0.30802;	0.8921
0.31224;	0.92085
0.31646;	0.92207
0.32068;	0.92543
0.32489;	0.92606
0.32911;	0.92618
0.33333;	0.92772
0.33755;	0.92865
0.34177;	0.9289
0.34810;	0.92939
0.35232;	0.93013
0.35654;	0.9309
0.36076;	0.93138
0.36498;	0.93186
0.36920;	0.93215
0.37342;	0.93493
0.37764;	0.9367
0.38186;	0.98278
0.38608;	1.0015
0.39030;	1.02128
0.39451;	1.0449
0.39873;	1.05279
0.40295;	1.05608
0.40717;	1.05836
0.41139;	1.06004
0.41561;	1.06127
0.41983;	1.06155
0.42405;	1.06162
0.42827;	1.06234
0.43249;	1.06305
0.43671;	1.06338
0.44093;	1.06369
0.44515;	1.06408
0.44937;	1.07258
0.45359;	1.1059
0.45781;	1.13133
0.46203;	1.19063
0.46624;	1.19091
0.47046;	1.19286
0.47468;	1.19534
0.47890;	1.19598
0.48312;	1.19653
0.48734;	1.19748
0.49156;	1.30341
0.49578;	1.3215
0.50000;	1.32638
0.50422;	1.32754
0.50844;	1.32842
0.51266;	1.3287
0.51688;	1.32926
0.52110;	1.32975
0.52532;	1.33138
0.52954;	1.33261
0.53376;	1.33929
0.53797;	1.37502
0.54219;	1.45104
0.54641;	1.4528
0.55063;	1.45738
0.55485;	1.45775
0.55907;	1.4586
0.56329;	1.46
0.56751;	1.46096
0.57173;	1.46228
0.57595;	1.46328
0.58017;	1.46576
0.58439;	1.46678
0.58861;	1.48058
0.59283;	1.58465
0.59705;	1.58589
0.60127;	1.59196
0.60549;	1.5939
0.60970;	1.5943
0.61392;	1.5956
0.61814;	1.59722
0.62236;	1.60251
0.62658;	1.65905
0.63080;	1.71299
0.63502;	1.71749
0.63924;	1.72241
0.64346;	1.72414
0.64768;	1.72573
0.65190;	1.72784
0.65612;	1.73114
0.66034;	1.73859
0.66456;	1.76123
0.66878;	1.80587
0.67300;	1.84628
0.67722;	1.84866
0.68143;	1.85321
0.68565;	1.85676
0.68987;	1.86092
0.69409;	1.86207
0.69831;	1.96325
0.70253;	1.99116
0.70675;	1.99287
0.71097;	1.99336
0.71519;	2.00728
0.71941;	2.10335
0.72363;	2.11965
0.72785;	2.12445
0.73207;	2.12661
0.73629;	2.13174
0.74051;	2.13347
0.74473;	2.13832
0.74895;	2.2105
0.75316;	2.23665
0.75738;	2.23873
0.76160;	2.26076
0.76582;	2.26899
0.77004;	2.31648
0.77426;	2.33861
0.77848;	2.38462
0.78270;	2.39746
0.78692;	2.42246
0.79114;	2.50503
0.79536;	2.52899
0.79958;	2.55846
0.80380;	2.59048
0.80802;	2.61233
0.81224;	2.62051
0.81646;	2.63255
0.82068;	2.65409
0.82489;	2.66149
0.82911;	2.67108
0.83333;	2.79578
0.83755;	2.869
0.84177;	2.88363
0.84599;	2.90017
0.85021;	2.93319
0.85443;	2.96396
0.85865;	3.01686
0.86287;	3.1347
0.86709;	3.23318
0.87131;	3.33107
0.87553;	3.35163
0.87975;	3.44033
0.88397;	3.55098
0.88819;	3.57663
0.89241;	3.60699
0.89662;	3.68092
0.90084;	3.72804
0.90506;	3.80599
0.90928;	3.86082
0.91350;	3.88859
0.91772;	3.92281
0.92194;	3.93664
0.92616;	4.08569
0.93038;	4.32598
0.93460;	4.43821
0.93882;	4.77381
0.94304;	5.20049
0.94726;	5.55458
0.95148;	5.81877
0.95570;	6.31464
0.95992;	7.21025
0.96414;	8.23663
0.96835;	8.5173
0.97257;	12.34629
0.97679;	15.72375
0.98101;	20.30223
0.98523;	21.73348
0.98945;	28.14653
0.99367;	40.90789
0.99789;	45.60411

=========================

===== Bandwidth Estimate [Mbps] (DTube + Vodafone (DE)) =====
0.01149;	0.26333
0.02299;	0.26503
0.03448;	0.26548
0.04598;	0.26558
0.05747;	0.26563
0.06897;	0.26578
0.08046;	0.26601
0.09195;	0.38969
0.10345;	0.39423
0.11494;	0.39728
0.12644;	0.39728
0.13793;	0.39775
0.14943;	0.39857
0.16092;	0.39932
0.17241;	0.40033
0.18391;	0.45141
0.19540;	0.52669
0.20690;	0.52983
0.21839;	0.53021
0.22989;	0.53057
0.24138;	0.53103
0.25287;	0.53153
0.26437;	0.53326
0.27586;	0.61809
0.28736;	0.65645
0.29885;	0.66253
0.31034;	0.66271
0.32184;	0.66294
0.33333;	0.66307
0.34483;	0.66342
0.35632;	0.66355
0.36782;	0.66386
0.37931;	0.66394
0.39080;	0.6643
0.40230;	0.66457
0.41379;	0.66486
0.42529;	0.73615
0.43678;	0.77862
0.44828;	0.77942
0.45977;	0.78771
0.47126;	0.79063
0.48276;	0.79596
0.49425;	0.79643
0.50575;	0.79764
0.51724;	0.80636
0.52874;	0.91584
0.54023;	0.92686
0.55172;	0.92785
0.56322;	0.92994
0.57471;	0.9302
0.58621;	0.93108
0.59770;	0.93192
0.60920;	0.9344
0.62069;	0.94839
0.63218;	0.95798
0.64368;	0.96249
0.65517;	1.05923
0.66667;	1.05984
0.67816;	1.06119
0.68966;	1.06181
0.70115;	1.06228
0.71264;	1.06376
0.72414;	1.0639
0.73563;	1.06613
0.74713;	1.18457
0.75862;	1.18552
0.77011;	1.1933
0.78161;	1.19565
0.79310;	1.19664
0.80460;	1.19743
0.81609;	1.21246
0.82759;	1.32186
0.83908;	1.32352
0.85057;	1.32642
0.86207;	1.33032
0.87356;	1.33036
0.88506;	1.46051
0.89655;	1.46084
0.90805;	1.46254
0.91954;	1.69661
0.93103;	1.76196
0.94253;	1.8598
0.95402;	1.90902
0.96552;	1.99365
0.97701;	3.16843
0.98851;	4.27091
1.00000;	15.62666

=========================

===== Bandwidth Estimate [Mbps] (DTube + SIMPLE Mobile (US)) =====

=========================

===== Bandwidth Estimate [Mbps] (YouTube + T-Mobile (DE)) =====
0.00216;	0.39459
0.00649;	0.39632
0.01082;	0.55333
0.01515;	0.65773
0.01948;	0.65981
0.02381;	0.66117
0.02814;	0.6618
0.03247;	0.66218
0.03680;	0.6623
0.04113;	0.66235
0.04545;	0.66263
0.04978;	0.66267
0.05411;	0.66305
0.05844;	0.66319
0.06277;	0.6637
0.06710;	0.66394
0.07143;	0.66426
0.07576;	0.66601
0.08009;	0.66655
0.08442;	0.67414
0.08874;	0.72949
0.09307;	0.78964
0.09740;	0.79184
0.10173;	0.79298
0.10606;	0.79365
0.11039;	0.79373
0.11472;	0.79561
0.11905;	0.79576
0.12338;	0.7959
0.12771;	0.79898
0.13203;	0.80491
0.13636;	0.89947
0.14069;	0.92439
0.14502;	0.9247
0.14935;	0.92511
0.15368;	0.9256
0.15801;	0.92591
0.16234;	0.92603
0.16667;	0.92636
0.17100;	0.92655
0.17532;	0.92675
0.17965;	0.92687
0.18398;	0.92731
0.18831;	0.92749
0.19264;	0.9279
0.19697;	0.92839
0.20130;	0.92843
0.20563;	0.92851
0.20996;	0.92923
0.21429;	0.92949
0.21861;	0.92966
0.22294;	0.93074
0.22727;	0.93106
0.23160;	0.93201
0.23593;	0.93434
0.24026;	0.93745
0.24459;	0.95365
0.24892;	1.05285
0.25325;	1.05427
0.25758;	1.05636
0.26190;	1.05672
0.26623;	1.05751
0.27273;	1.05812
0.27706;	1.05838
0.28139;	1.05867
0.28571;	1.0589
0.29004;	1.0592
0.29437;	1.05942
0.29870;	1.05964
0.30303;	1.05978
0.30736;	1.06006
0.31169;	1.06017
0.31602;	1.06094
0.32035;	1.06135
0.32468;	1.0619
0.32900;	1.06212
0.33333;	1.06354
0.33766;	1.0637
0.34199;	1.06421
0.34632;	1.06486
0.35065;	1.06837
0.35498;	1.1493
0.35931;	1.18793
0.36364;	1.18874
0.36797;	1.19016
0.37229;	1.19096
0.37662;	1.19101
0.38095;	1.19131
0.38528;	1.19147
0.38961;	1.19186
0.39394;	1.1923
0.39827;	1.19247
0.40260;	1.19261
0.40693;	1.19273
0.41126;	1.1935
0.41558;	1.19419
0.41991;	1.1945
0.42424;	1.19475
0.42857;	1.19487
0.43290;	1.19533
0.43723;	1.19646
0.44156;	1.19771
0.44589;	1.19972
0.45022;	1.20395
0.45455;	1.30352
0.45887;	1.31988
0.46320;	1.32065
0.46753;	1.32144
0.47186;	1.32188
0.47619;	1.32219
0.48052;	1.32251
0.48485;	1.32279
0.48918;	1.32366
0.49351;	1.32439
0.49784;	1.32567
0.50216;	1.32631
0.50649;	1.32655
0.51082;	1.32713
0.51515;	1.32789
0.51948;	1.3281
0.52381;	1.33017
0.52814;	1.33458
0.53247;	1.34345
0.53680;	1.45136
0.54113;	1.45301
0.54545;	1.45407
0.54978;	1.45455
0.55411;	1.45522
0.55844;	1.45533
0.56277;	1.45623
0.56710;	1.45683
0.57143;	1.45757
0.57576;	1.45808
0.58009;	1.45878
0.58442;	1.45894
0.58874;	1.4596
0.59307;	1.46106
0.59740;	1.46177
0.60173;	1.46193
0.60606;	1.46208
0.61039;	1.46234
0.61472;	1.46341
0.61905;	1.50017
0.62338;	1.5787
0.62771;	1.58237
0.63203;	1.58683
0.63636;	1.58848
0.64069;	1.59041
0.64502;	1.59199
0.64935;	1.59338
0.65368;	1.5941
0.65801;	1.59639
0.66234;	1.59734
0.66667;	1.60108
0.67100;	1.60388
0.67532;	1.63175
0.67965;	1.71329
0.68398;	1.72087
0.68831;	1.72197
0.69264;	1.72362
0.69697;	1.72405
0.70130;	1.72432
0.70563;	1.72495
0.70996;	1.72556
0.71429;	1.72677
0.71861;	1.72765
0.72294;	1.73011
0.72727;	1.73146
0.73160;	1.7359
0.73593;	1.75655
0.74026;	1.84895
0.74459;	1.85191
0.74892;	1.8548
0.75325;	1.85728
0.75758;	1.85849
0.76190;	1.85935
0.76623;	1.86045
0.77056;	1.86089
0.77489;	1.8614
0.77922;	1.86298
0.78355;	1.86692
0.78788;	1.87062
0.79221;	1.98495
0.79654;	1.98821
0.80087;	1.99548
0.80519;	1.99842
0.80952;	2.01619
0.81385;	2.06026
0.81818;	2.11872
0.82251;	2.12684
0.82684;	2.13334
0.83117;	2.2456
0.83550;	2.25163
0.83983;	2.25355
0.84416;	2.25444
0.84848;	2.25468
0.85281;	2.25955
0.85714;	2.26663
0.86147;	2.26914
0.86580;	2.38101
0.87013;	2.40296
0.87446;	2.54146
0.87879;	2.5535
0.88312;	2.65585
0.88745;	2.65885
0.89177;	2.69275
0.89610;	2.80943
0.90043;	2.91358
0.90476;	2.93169
0.90909;	2.94025
0.91342;	3.04615
0.91775;	3.05413
0.92208;	3.06359
0.92641;	3.18857
0.93074;	3.18889
0.93506;	3.20447
0.93939;	3.31098
0.94372;	3.35904
0.94805;	3.45183
0.95238;	3.46979
0.95671;	3.56736
0.96104;	3.589
0.96537;	3.64905
0.96970;	3.88576
0.97403;	4.72783
0.97835;	5.92346
0.98268;	28.72242
0.98701;	38.73426
0.99134;	39.83859
0.99567;	44.1748
1.00000;	53.10537

=========================

===== Bandwidth Estimate [Mbps] (YouTube + o2 (DE)) =====
0.00109;	0.1483
0.00544;	0.17117
0.00979;	0.26416
0.01415;	0.28108
0.01850;	0.36979
0.02285;	0.39667
0.02720;	0.48063
0.03156;	0.52829
0.03591;	0.53473
0.04026;	0.6023
0.04461;	0.64143
0.04897;	0.65899
0.05332;	0.6602
0.05767;	0.66095
0.06202;	0.66153
0.06638;	0.66171
0.07073;	0.66259
0.07508;	0.66369
0.07943;	0.66402
0.08379;	0.66643
0.08814;	0.67331
0.09249;	0.69958
0.09684;	0.74379
0.10120;	0.77365
0.10555;	0.78839
0.10990;	0.79149
0.11425;	0.79291
0.11861;	0.79337
0.12296;	0.79462
0.12731;	0.79513
0.13166;	0.79547
0.13602;	0.79613
0.14037;	0.79665
0.14472;	0.79855
0.14908;	0.80177
0.15343;	0.8176
0.15778;	0.83293
0.16213;	0.85373
0.16649;	0.87772
0.17084;	0.90183
0.17519;	0.91331
0.17954;	0.92167
0.18390;	0.92394
0.18825;	0.9249
0.19260;	0.92515
0.19695;	0.9262
0.20131;	0.92642
0.20566;	0.92661
0.21001;	0.92699
0.21436;	0.92725
0.21872;	0.92749
0.22307;	0.92774
0.22742;	0.92815
0.23177;	0.92845
0.23613;	0.92885
0.24048;	0.92924
0.24483;	0.92972
0.24918;	0.93025
0.25354;	0.93172
0.25789;	0.93276
0.26224;	0.9355
0.26659;	0.94115
0.27095;	0.95675
0.27530;	0.98821
0.27965;	1.00768
0.28400;	1.03314
0.28836;	1.04131
0.29271;	1.05258
0.29706;	1.05488
0.30141;	1.05682
0.30577;	1.05781
0.31012;	1.0583
0.31447;	1.05887
0.31882;	1.05943
0.32318;	1.0598
0.32753;	1.05986
0.33188;	1.06023
0.33624;	1.06037
0.34059;	1.06094
0.34494;	1.06137
0.34929;	1.06204
0.35365;	1.06279
0.35800;	1.06343
0.36235;	1.06444
0.36670;	1.07046
0.37106;	1.11355
0.37541;	1.12698
0.37976;	1.1557
0.38411;	1.17544
0.38847;	1.18416
0.39282;	1.18501
0.39717;	1.18769
0.40152;	1.18945
0.40588;	1.19105
0.41023;	1.19201
0.41458;	1.19242
0.41893;	1.19264
0.42329;	1.19322
0.42764;	1.19363
0.43199;	1.19379
0.43634;	1.19431
0.44070;	1.19486
0.44505;	1.19554
0.44940;	1.19605
0.45375;	1.19743
0.45811;	1.22388
0.46246;	1.30012
0.46681;	1.31617
0.47116;	1.3202
0.47552;	1.3219
0.47987;	1.32282
0.48422;	1.32436
0.48857;	1.32495
0.49293;	1.3254
0.49728;	1.3266
0.50163;	1.32722
0.50598;	1.3283
0.51034;	1.3314
0.51469;	1.33292
0.51904;	1.33549
0.52339;	1.33879
0.52775;	1.42886
0.53210;	1.44589
0.53645;	1.44993
0.54081;	1.45483
0.54516;	1.45623
0.54951;	1.45732
0.55386;	1.45793
0.55822;	1.46034
0.56257;	1.46094
0.56692;	1.46175
0.57127;	1.46322
0.57563;	1.46468
0.57998;	1.46794
0.58433;	1.57203
0.58868;	1.58176
0.59304;	1.58386
0.59739;	1.58572
0.60174;	1.58753
0.60609;	1.59002
0.61045;	1.59226
0.61480;	1.59375
0.61915;	1.59535
0.62350;	1.5973
0.62786;	1.59869
0.63221;	1.62053
0.63656;	1.65002
0.64091;	1.67751
0.64527;	1.7018
0.64962;	1.7097
0.65397;	1.71489
0.65832;	1.71753
0.66268;	1.72106
0.66703;	1.72362
0.67138;	1.72562
0.67573;	1.72765
0.68009;	1.73665
0.68444;	1.79944
0.68879;	1.82983
0.69314;	1.84632
0.69750;	1.85418
0.70185;	1.85637
0.70620;	1.85728
0.71055;	1.8589
0.71491;	1.86097
0.71926;	1.8626
0.72361;	1.86326
0.72797;	1.87186
0.73232;	1.8979
0.73667;	1.92458
0.74102;	1.96444
0.74538;	1.98471
0.74973;	1.987
0.75408;	1.98867
0.75843;	1.99446
0.76279;	1.99669
0.76714;	2.00864
0.77149;	2.03614
0.77584;	2.04746
0.78020;	2.11239
0.78455;	2.12371
0.78890;	2.12719
0.79325;	2.12752
0.79761;	2.13937
0.80196;	2.25069
0.80631;	2.2561
0.81066;	2.26378
0.81502;	2.28014
0.81937;	2.33255
0.82372;	2.36642
0.82807;	2.38829
0.83243;	2.39966
0.83678;	2.41665
0.84113;	2.50018
0.84548;	2.52214
0.84984;	2.52866
0.85419;	2.54182
0.85854;	2.61045
0.86289;	2.66277
0.86725;	2.6641
0.87160;	2.66505
0.87595;	2.68047
0.88030;	2.71899
0.88466;	2.78463
0.88901;	2.80243
0.89336;	2.8213
0.89771;	2.92246
0.90207;	2.93156
0.90642;	2.94866
0.91077;	3.03113
0.91513;	3.06493
0.91948;	3.08287
0.92383;	3.15355
0.92818;	3.20003
0.93254;	3.21589
0.93689;	3.28989
0.94124;	3.33104
0.94559;	3.33828
0.94995;	3.37314
0.95430;	3.47938
0.95865;	3.63939
0.96300;	3.90296
0.96736;	4.2246
0.97171;	4.41673
0.97606;	5.37954
0.98041;	8.05226
0.98477;	20.60112
0.98912;	22.59016
0.99347;	32.58317
0.99782;	41.55945

=========================

===== Bandwidth Estimate [Mbps] (YouTube + Vodafone (DE)) =====
0.01205;	0.50729
0.02410;	0.65383
0.03614;	0.65529
0.04819;	0.65671
0.06024;	0.66014
0.07229;	0.661
0.08434;	0.78487
0.09639;	0.78743
0.10843;	0.78949
0.12048;	0.79383
0.13253;	0.83065
0.14458;	0.84112
0.15663;	0.85815
0.16867;	0.89889
0.18072;	0.91213
0.19277;	0.91643
0.20482;	0.91928
0.21687;	0.92
0.22892;	0.92017
0.24096;	0.92464
0.25301;	0.9259
0.26506;	0.92859
0.27711;	0.93056
0.28916;	0.94071
0.30120;	0.98805
0.31325;	1.00501
0.32530;	1.01279
0.33735;	1.04269
0.34940;	1.04584
0.36145;	1.04661
0.37349;	1.04927
0.38554;	1.05423
0.39759;	1.05506
0.40964;	1.11304
0.42169;	1.18005
0.43373;	1.18538
0.44578;	1.18763
0.45783;	1.18772
0.46988;	1.18777
0.48193;	1.18856
0.49398;	1.19122
0.50602;	1.19178
0.51807;	1.19322
0.53012;	1.19436
0.54217;	1.22488
0.55422;	1.30809
0.56627;	1.30885
0.57831;	1.31017
0.59036;	1.31038
0.60241;	1.31098
0.61446;	1.32259
0.62651;	1.33965
0.63855;	1.40633
0.65060;	1.43688
0.66265;	1.44024
0.67470;	1.44256
0.68675;	1.44423
0.69880;	1.44873
0.71084;	1.44944
0.72289;	1.46596
0.73494;	1.53703
0.74699;	1.57452
0.75904;	1.58538
0.77108;	1.58858
0.78313;	1.62269
0.79518;	1.63688
0.80723;	1.71463
0.81928;	1.71482
0.83133;	1.82473
0.84337;	1.84917
0.85542;	2.00913
0.86747;	2.14867
0.87952;	2.24216
0.89157;	2.24332
0.90361;	2.50115
0.91566;	2.61827
0.92771;	2.94327
0.93976;	3.46037
0.95181;	3.97586
0.96386;	3.99739
0.97590;	4.1712
0.98795;	5.25182
1.00000;	12.84361

=========================

===== Bandwidth Estimate [Mbps] (YouTube + SIMPLE Mobile (US)) =====

=========================

