===== Content Duration [s] (DTube + T-Mobile (DE)) =====
0.00429;	13.004
0.00858;	13.355
0.01288;	33.307
0.01717;	38.72
0.02146;	47.151
0.03004;	49.111
0.03433;	52.2
0.03863;	59.328
0.04292;	74.074
0.04721;	74.304
0.05150;	77.555
0.05579;	80.714
0.06009;	80.934
0.06438;	90.112
0.06867;	96.367
0.07296;	100.075
0.07725;	113.182
0.08155;	115.067
0.09013;	119.578
0.09442;	120.47
0.09871;	121.367
0.10300;	127.292
0.10730;	131.542
0.11159;	133.401
0.11588;	133.834
0.12017;	141.5
0.12446;	142.273
0.12876;	156.526
0.13305;	159.584
0.13734;	159.8
0.14163;	165.995
0.14592;	166.441
0.15021;	167.3
0.15451;	167.367
0.16309;	167.435
0.16738;	167.881
0.17167;	168.427
0.17597;	170.267
0.18026;	170.877
0.18455;	172.715
0.18884;	177.621
0.19313;	177.72
0.19742;	178.731
0.20172;	182.24
0.20601;	183.28
0.21030;	185.052
0.21459;	185.76
0.21888;	186.091
0.22318;	189.24
0.22747;	189.296
0.23176;	191.472
0.23605;	195.0
0.24034;	196.717
0.24464;	199.254
0.24893;	203.308
0.25322;	203.734
0.26180;	207.83
0.26609;	208.918
0.27039;	219.008
0.27468;	219.546
0.27897;	222.134
0.28326;	222.59
0.28755;	225.234
0.29185;	225.43
0.29614;	230.8
0.30043;	231.552
0.30472;	231.699
0.30901;	235.072
0.31330;	239.705
0.31760;	242.186
0.32189;	243.67
0.32618;	245.59
0.33047;	245.76
0.33476;	249.667
0.33906;	252.687
0.34335;	254.538
0.34764;	256.395
0.35193;	256.79
0.35622;	259.134
0.36052;	261.056
0.36481;	262.272
0.36910;	270.678
0.37339;	270.978
0.37768;	273.274
0.38197;	273.323
0.38627;	282.56
0.39485;	286.117
0.39914;	292.688
0.40343;	295.335
0.40773;	296.23
0.41202;	296.56
0.41631;	299.776
0.42489;	300.002
0.42918;	302.955
0.43348;	309.221
0.44206;	310.167
0.45064;	313.366
0.45494;	314.934
0.45923;	317.484
0.46781;	318.903
0.47210;	322.2
0.47639;	322.283
0.48069;	322.32
0.48498;	330.898
0.48927;	331.64
0.49356;	333.393
0.49785;	334.6
0.50215;	337.934
0.50644;	338.987
0.51073;	339.03
0.51502;	347.934
0.51931;	351.634
0.52361;	355.094
0.52790;	356.857
0.53219;	363.499
0.53648;	366.967
0.54077;	373.9
0.54506;	380.417
0.54936;	395.622
0.55365;	402.867
0.55794;	414.206
0.56223;	415.405
0.56652;	422.87
0.57082;	424.28
0.57511;	442.198
0.57940;	451.867
0.58369;	452.302
0.58798;	458.434
0.59227;	460.375
0.59657;	469.069
0.60086;	474.534
0.60515;	479.334
0.60944;	481.838
0.61373;	487.446
0.61803;	488.99
0.62232;	492.16
0.62661;	493.067
0.63090;	493.12
0.63519;	496.13
0.63948;	497.034
0.64378;	497.04
0.64807;	500.395
0.65236;	503.303
0.65665;	518.585
0.66094;	521.66
0.66953;	525.059
0.67382;	529.392
0.68670;	545.145
0.69099;	550.268
0.69528;	555.024
0.69957;	564.88
0.70386;	581.184
0.70815;	590.284
0.71245;	593.323
0.71674;	598.294
0.72103;	600.896
0.72532;	604.1
0.72961;	607.168
0.73391;	612.463
0.73820;	619.2
0.74249;	624.166
0.74678;	637.712
0.75107;	652.119
0.75536;	652.182
0.75966;	691.992
0.76395;	696.042
0.76824;	731.631
0.77253;	743.659
0.77682;	753.153
0.78112;	755.334
0.78541;	760.2
0.78970;	764.034
0.79399;	765.761
0.79828;	769.536
0.80258;	791.851
0.80687;	796.52
0.81116;	840.022
0.81545;	853.987
0.81974;	876.843
0.82403;	881.732
0.82833;	887.024
0.83262;	912.179
0.83691;	922.816
0.84120;	939.773
0.84549;	969.803
0.84979;	971.848
0.85408;	986.384
0.85837;	1012.608
0.86266;	1019.375
0.87124;	1049.007
0.87554;	1050.155
0.87983;	1096.563
0.88412;	1145.003
0.88841;	1194.68
0.89270;	1196.08
0.89700;	1201.579
0.90129;	1232.307
0.90558;	1234.484
0.90987;	1262.91
0.91416;	1268.102
0.91845;	1288.9
0.92275;	1313.52
0.92704;	1599.702
0.93562;	1686.294
0.93991;	1704.88
0.94421;	1723.959
0.94850;	1875.035
0.95279;	1896.792
0.95708;	2270.516
0.96137;	2516.37
0.96567;	2527.047
0.96996;	2921.584
0.97854;	2951.339
0.98283;	3256.667
0.98712;	3430.463
0.99142;	3793.167
0.99571;	4206.017
1.00000;	13159.422

=========================

===== Content Duration [s] (DTube + o2 (DE)) =====
0.00211;	5.248
0.00633;	11.9
0.01055;	26.5
0.01899;	31.183
0.02321;	34.234
0.02743;	38.6
0.03376;	39.707
0.03797;	46.697
0.04219;	60.032
0.04641;	64.704
0.05063;	72.134
0.05485;	77.786
0.05907;	84.3
0.06329;	92.032
0.06751;	93.334
0.07173;	108.054
0.08017;	111.36
0.08439;	112.982
0.08861;	119.744
0.09283;	120.32
0.09705;	122.467
0.10127;	124.792
0.10549;	127.1
0.10970;	133.2
0.11392;	135.884
0.11814;	139.134
0.12236;	145.195
0.12658;	149.099
0.13080;	151.285
0.13502;	152.363
0.13924;	159.3
0.14346;	162.283
0.14768;	164.822
0.15190;	168.159
0.15612;	168.711
0.16034;	171.267
0.16667;	173.454
0.17089;	178.19
0.17511;	180.348
0.17932;	182.55
0.18354;	183.83
0.18776;	185.494
0.19198;	187.209
0.19620;	191.612
0.20042;	196.9
0.20675;	199.1
0.21097;	202.07
0.21519;	203.734
0.21941;	205.1
0.22363;	207.72
0.23207;	208.918
0.23840;	210.561
0.24262;	212.24
0.24684;	213.881
0.25105;	216.759
0.25527;	218.686
0.25949;	220.167
0.26371;	221.834
0.26793;	222.308
0.27215;	223.586
0.27637;	225.159
0.28059;	226.496
0.28481;	228.566
0.28903;	230.434
0.29325;	231.126
0.29747;	233.8
0.30169;	234.347
0.30591;	236.32
0.31013;	239.894
0.31435;	241.36
0.31857;	248.0
0.32278;	248.165
0.32700;	252.987
0.33122;	253.76
0.33966;	259.934
0.34388;	261.483
0.34810;	264.64
0.35232;	268.819
0.35654;	269.306
0.36076;	270.27
0.36498;	270.955
0.36920;	277.291
0.37342;	280.848
0.37764;	282.843
0.38186;	290.273
0.38608;	292.386
0.39030;	295.702
0.39451;	297.28
0.39873;	299.567
0.40295;	299.968
0.40717;	301.034
0.41139;	306.62
0.41561;	307.286
0.41983;	308.478
0.42616;	311.36
0.43249;	312.342
0.43671;	312.919
0.44093;	316.067
0.44515;	318.75
0.44937;	322.7
0.45359;	325.008
0.45781;	331.198
0.46203;	337.046
0.46624;	345.279
0.47046;	345.846
0.47468;	353.52
0.47890;	357.8
0.48312;	359.88
0.48945;	362.88
0.49367;	368.569
0.49789;	369.894
0.50422;	380.502
0.50844;	386.07
0.51266;	392.487
0.51688;	394.534
0.52321;	397.79
0.52743;	401.125
0.53376;	409.515
0.53797;	412.362
0.54219;	416.311
0.54641;	417.284
0.55063;	422.455
0.55485;	424.28
0.55907;	428.6
0.56329;	433.234
0.56751;	434.731
0.57173;	443.435
0.57595;	445.035
0.58017;	451.281
0.58439;	456.449
0.58861;	458.774
0.59283;	460.383
0.59705;	473.734
0.60127;	475.777
0.60549;	481.43
0.60970;	484.95
0.61392;	494.028
0.61814;	506.84
0.62447;	513.52
0.62869;	517.388
0.63291;	528.946
0.64135;	533.142
0.64557;	535.766
0.64979;	537.167
0.65401;	545.145
0.65823;	557.72
0.66456;	558.379
0.66878;	563.371
0.67300;	565.383
0.67722;	568.425
0.68143;	583.534
0.68776;	598.294
0.69409;	606.016
0.69831;	611.545
0.70253;	618.0
0.70675;	623.758
0.71097;	631.339
0.71519;	646.635
0.71941;	652.182
0.72363;	654.292
0.72785;	662.24
0.73207;	668.767
0.73629;	677.569
0.74262;	687.521
0.74684;	690.4
0.75105;	697.558
0.75738;	708.25
0.76160;	718.8
0.76582;	736.64
0.77004;	743.659
0.77426;	752.68
0.77848;	759.224
0.78481;	772.96
0.78903;	778.891
0.79536;	789.9
0.79958;	793.287
0.80380;	810.777
0.80802;	817.35
0.81224;	821.467
0.81857;	825.742
0.82278;	833.202
0.82700;	836.95
0.83122;	859.6
0.83544;	863.275
0.83966;	887.024
0.84388;	900.032
0.85021;	927.428
0.85443;	948.334
0.85865;	964.427
0.86498;	1031.723
0.86920;	1071.807
0.87342;	1096.563
0.87975;	1115.865
0.88397;	1133.297
0.88819;	1159.792
0.89241;	1192.024
0.89662;	1233.3
0.90084;	1268.102
0.90506;	1269.035
0.91139;	1288.9
0.91561;	1300.099
0.92194;	1425.009
0.92616;	1455.067
0.93038;	1543.872
0.93460;	1545.172
0.93882;	1610.142
0.94304;	1673.6
0.94726;	1731.002
0.95148;	1834.933
0.95570;	1883.072
0.95992;	2200.298
0.96414;	2345.792
0.96835;	2524.8
0.97257;	2653.417
0.97679;	2798.353
0.98101;	2988.967
0.98523;	3519.934
0.98945;	5265.821
0.99367;	6675.377
1.00000;	11114.324

=========================

===== Content Duration [s] (DTube + Vodafone (DE)) =====
0.01149;	5.767
0.02299;	9.4
0.03448;	16.185
0.04598;	73.974
0.05747;	79.034
0.06897;	118.208
0.08046;	120.32
0.09195;	121.278
0.10345;	125.4
0.11494;	143.339
0.12644;	144.96
0.14943;	146.795
0.16092;	147.499
0.17241;	150.05
0.18391;	151.325
0.19540;	152.363
0.20690;	157.73
0.21839;	160.36
0.22989;	167.584
0.24138;	178.4
0.25287;	183.459
0.26437;	193.294
0.27586;	196.43
0.28736;	207.703
0.29885;	208.108
0.31034;	209.399
0.32184;	210.561
0.33333;	211.24
0.34483;	218.838
0.35632;	248.165
0.36782;	248.96
0.37931;	249.94
0.39080;	256.395
0.40230;	262.061
0.42529;	263.083
0.43678;	265.533
0.44828;	271.36
0.45977;	274.341
0.47126;	276.243
0.48276;	292.867
0.49425;	296.23
0.50575;	337.085
0.52874;	347.467
0.54023;	353.52
0.56322;	365.504
0.57471;	367.167
0.58621;	368.512
0.59770;	382.294
0.60920;	383.75
0.62069;	475.661
0.63218;	484.6
0.64368;	503.404
0.65517;	509.312
0.66667;	511.851
0.67816;	514.98
0.70115;	517.117
0.71264;	524.6
0.72414;	548.282
0.73563;	616.107
0.74713;	681.947
0.75862;	686.867
0.77011;	711.46
0.78161;	739.185
0.79310;	833.024
0.80460;	842.767
0.81609;	863.275
0.82759;	978.652
0.83908;	983.435
0.85057;	1060.595
0.87356;	1070.673
0.88506;	1096.54
0.89655;	1156.981
0.90805;	1278.379
0.91954;	1288.554
0.94253;	1414.967
0.95402;	1444.416
0.96552;	2093.474
0.97701;	2345.792
0.98851;	2614.358
1.00000;	2617.024

=========================

===== Content Duration [s] (DTube + SIMPLE Mobile (US)) =====

=========================

===== Content Duration [s] (YouTube + T-Mobile (DE)) =====
0.00216;	26.169
0.00433;	28.793
0.00866;	30.07
0.01299;	42.051
0.01515;	42.585
0.01732;	46.579
0.01948;	46.625
0.02381;	50.062
0.02597;	51.966
0.02814;	64.667
0.03030;	65.898
0.03247;	67.57
0.03463;	70.333
0.03680;	70.426
0.03896;	71.099
0.04113;	72.283
0.04329;	78.715
0.04545;	86.563
0.04762;	87.446
0.04978;	89.884
0.05195;	90.093
0.05411;	101.401
0.05844;	111.2
0.06061;	116.564
0.06277;	120.488
0.06494;	123.832
0.06710;	132.005
0.06926;	136.881
0.07143;	141.734
0.07359;	142.965
0.07576;	144.056
0.08009;	145.774
0.08225;	148.143
0.08442;	148.723
0.08658;	149.768
0.08874;	154.854
0.09091;	158.221
0.09307;	160.101
0.09524;	160.38
0.10173;	162.214
0.10390;	164.142
0.10606;	165.372
0.10823;	165.697
0.11255;	166.208
0.11688;	166.928
0.11905;	169.343
0.12121;	172.571
0.12338;	172.779
0.12554;	172.78
0.12771;	174.266
0.12987;	177.446
0.13203;	178.143
0.13420;	178.491
0.13853;	178.77
0.14069;	178.932
0.14286;	178.933
0.14719;	178.979
0.14935;	179.049
0.15152;	179.096
0.15368;	179.281
0.15584;	179.42
0.15801;	180.093
0.16017;	180.651
0.16234;	181.742
0.16450;	181.905
0.16667;	182.415
0.16883;	183.902
0.17316;	186.294
0.17749;	188.407
0.17965;	188.569
0.18182;	189.126
0.18398;	189.405
0.18615;	191.494
0.18831;	194.977
0.19264;	195.163
0.19481;	195.164
0.19913;	195.233
0.20130;	201.247
0.20346;	201.874
0.20563;	202.571
0.20779;	206.843
0.20996;	209.328
0.21212;	210.094
0.21429;	211.255
0.21645;	213.74
0.22078;	214.9
0.22294;	214.923
0.22511;	216.781
0.22727;	217.13
0.22944;	217.408
0.23377;	217.734
0.23593;	218.686
0.23810;	219.683
0.24026;	221.286
0.24242;	222.005
0.24459;	222.795
0.24675;	228.53
0.24892;	229.807
0.25108;	231.41
0.25541;	231.573
0.25758;	233.523
0.25974;	234.661
0.26190;	234.8
0.26623;	235.775
0.26840;	237.934
0.27056;	238.167
0.27273;	238.352
0.27489;	239.56
0.27706;	240.977
0.27922;	247.176
0.28139;	247.896
0.28571;	257.022
0.28788;	260.69
0.29004;	263.964
0.29221;	265.891
0.29437;	269.188
0.29654;	269.653
0.29870;	272.114
0.30087;	275.969
0.30303;	276.016
0.30519;	278.778
0.30736;	284.374
0.31169;	290.017
0.31385;	290.226
0.31602;	293.012
0.31818;	295.427
0.32035;	297.215
0.32251;	297.54
0.32468;	300.094
0.32684;	300.234
0.32900;	300.605
0.33117;	300.86
0.33333;	306.642
0.33766;	307.85
0.34199;	310.009
0.34416;	310.311
0.34848;	313.376
0.35065;	317.022
0.35281;	322.525
0.35498;	322.641
0.35714;	328.399
0.35931;	334.576
0.36147;	336.015
0.36364;	336.642
0.36580;	336.898
0.36797;	339.591
0.37013;	341.751
0.37229;	347.742
0.37446;	355.009
0.37662;	356.24
0.37879;	358.492
0.38095;	360.559
0.38312;	360.583
0.38745;	366.457
0.39177;	366.689
0.39394;	369.29
0.39610;	371.403
0.39827;	374.584
0.40043;	384.081
0.40260;	393.415
0.40476;	399.011
0.40693;	400.823
0.40909;	409.948
0.41126;	411.248
0.41342;	421.093
0.41558;	423.81
0.41775;	424.646
0.41991;	428.454
0.42424;	443.733
0.42641;	451.697
0.42857;	452.533
0.43074;	454.693
0.43290;	457.293
0.43506;	459.174
0.43723;	464.933
0.43939;	465.397
0.44156;	466.883
0.44372;	466.93
0.44589;	468.16
0.44805;	469.321
0.45022;	472.247
0.45238;	473.129
0.45671;	475.451
0.45887;	475.567
0.46104;	479.84
0.46320;	480.56
0.46537;	482.928
0.46753;	483.578
0.46970;	484.182
0.47186;	484.832
0.47403;	488.524
0.47619;	500.97
0.47835;	502.247
0.48052;	508.261
0.48268;	510.142
0.48485;	516.365
0.48701;	518.246
0.48918;	522.982
0.49134;	531.644
0.49351;	536.984
0.49784;	538.818
0.50000;	543.114
0.50216;	551.613
0.50433;	552.286
0.50649;	552.727
0.51082;	553.726
0.51299;	554.12
0.51515;	558.207
0.51732;	559.6
0.51948;	566.218
0.52165;	568.169
0.52381;	568.633
0.52597;	575.761
0.53030;	581.056
0.53247;	586.652
0.53463;	591.574
0.53680;	594.245
0.53896;	596.52
0.54113;	597.495
0.54329;	599.492
0.54545;	601.257
0.54978;	601.489
0.55411;	603.091
0.55628;	604.438
0.55844;	607.968
0.56061;	609.245
0.56277;	611.172
0.56494;	615.537
0.56710;	616.93
0.57143;	617.766
0.57576;	618.695
0.57792;	621.76
0.58009;	622.782
0.58442;	625.777
0.58658;	626.474
0.58874;	631.582
0.59091;	636.737
0.59307;	638.362
0.59740;	643.146
0.59957;	648.928
0.60173;	651.969
0.60390;	652.062
0.60606;	656.776
0.60823;	656.869
0.61039;	657.658
0.61255;	665.251
0.61688;	669.547
0.61905;	670.963
0.62121;	673.123
0.62554;	674.562
0.62771;	675.909
0.62987;	677.488
0.63203;	678.208
0.63636;	678.603
0.63853;	678.881
0.64069;	680.855
0.64286;	681.621
0.64502;	681.97
0.64719;	683.897
0.64935;	684.686
0.65152;	684.895
0.65368;	686.567
0.65584;	687.612
0.65801;	688.355
0.66017;	689.4
0.66234;	691.165
0.66450;	693.696
0.66667;	695.205
0.67100;	699.779
0.67316;	703.843
0.67749;	704.284
0.67965;	707.256
0.68615;	714.64
0.68831;	716.683
0.69048;	719.725
0.69264;	721.095
0.69481;	722.14
0.69697;	722.651
0.70130;	724.323
0.70346;	726.296
0.70779;	729.176
0.70996;	733.402
0.71212;	737.303
0.71429;	738.046
0.71645;	738.139
0.71861;	738.162
0.72078;	742.411
0.72294;	744.245
0.72511;	744.803
0.72727;	745.244
0.73160;	745.29
0.73377;	751.978
0.73593;	753.627
0.73810;	758.735
0.74026;	761.242
0.74242;	764.098
0.74675;	768.023
0.74892;	779.772
0.75108;	782.791
0.75325;	789.176
0.75541;	791.614
0.75974;	797.21
0.76190;	799.091
0.76407;	804.339
0.76840;	806.521
0.77056;	811.537
0.77273;	813.209
0.77489;	824.099
0.77706;	824.401
0.77922;	826.746
0.78139;	827.048
0.78355;	827.443
0.78571;	829.648
0.78788;	830.368
0.79004;	832.412
0.79221;	833.619
0.79437;	834.943
0.79654;	840.98
0.79870;	843.325
0.80087;	845.183
0.80303;	852.218
0.80519;	868.217
0.80736;	879.896
0.81169;	881.057
0.81602;	888.372
0.81818;	907.9
0.82035;	938.62
0.82251;	948.21
0.82468;	949.881
0.82684;	951.6
0.82900;	954.456
0.83117;	959.889
0.83333;	974.378
0.83983;	976.282
0.84199;	990.005
0.84416;	995.369
0.84848;	1005.006
0.85065;	1011.182
0.85281;	1012.9
0.85498;	1017.173
0.85714;	1030.408
0.86147;	1043.342
0.86364;	1044.085
0.86580;	1044.851
0.86797;	1051.329
0.87013;	1069.882
0.87446;	1074.526
0.87662;	1089.294
0.87879;	1141.725
0.88095;	1146.531
0.88312;	1149.852
0.88745;	1154.031
0.88961;	1159.0
0.89177;	1174.302
0.89394;	1176.021
0.89610;	1188.327
0.89827;	1189.163
0.90043;	1189.813
0.90260;	1204.767
0.90476;	1218.327
0.90693;	1225.618
0.90909;	1255.456
0.91126;	1273.962
0.91342;	1301.339
0.91558;	1327.02
0.91991;	1328.134
0.92208;	1338.909
0.92641;	1344.481
0.92857;	1355.139
0.93074;	1360.086
0.93290;	1364.613
0.93506;	1421.502
0.93723;	1451.061
0.93939;	1456.541
0.94156;	1519.49
0.94372;	1522.23
0.94805;	1596.604
0.95238;	1610.443
0.95455;	1707.084
0.95887;	1710.01
0.96320;	1710.405
0.96537;	1723.361
0.96753;	1780.413
0.96970;	1829.871
0.97186;	1837.952
0.97403;	2130.663
0.97619;	2212.281
0.97835;	2279.502
0.98052;	2377.607
0.98268;	2413.714
0.98485;	2467.213
0.98701;	2650.859
0.98918;	2674.938
0.99134;	2913.57
0.99351;	2913.779
0.99567;	2963.121
0.99784;	4486.211
1.00000;	4690.268

=========================

===== Content Duration [s] (YouTube + o2 (DE)) =====
0.00109;	13.56
0.00762;	17.484
0.01197;	30.0
0.01741;	37.035
0.02176;	46.3
0.02612;	52.407
0.03047;	56.54
0.03591;	63.181
0.04026;	65.898
0.04461;	75.255
0.04897;	80.085
0.05441;	83.173
0.06094;	87.933
0.06529;	90.813
0.07073;	104.002
0.07508;	118.444
0.08052;	122.369
0.08596;	127.732
0.09032;	129.845
0.09467;	137.322
0.10011;	147.841
0.10446;	153.089
0.10881;	155.527
0.11317;	161.89
0.11861;	164.049
0.12405;	165.697
0.12949;	168.647
0.13384;	172.571
0.14037;	176.03
0.14799;	178.329
0.15234;	178.979
0.15778;	180.093
0.16322;	183.74
0.16757;	187.037
0.17301;	188.244
0.17737;	188.987
0.18607;	191.332
0.19042;	193.608
0.19695;	197.95
0.20131;	200.69
0.20566;	202.571
0.21001;	207.308
0.21436;	213.09
0.22089;	216.062
0.22633;	217.339
0.23069;	223.028
0.23721;	229.901
0.24266;	234.382
0.24810;	238.167
0.25245;	241.65
0.25680;	252.981
0.26115;	254.49
0.26551;	260.806
0.27095;	273.577
0.27530;	276.573
0.28074;	282.262
0.28509;	290.226
0.28945;	295.775
0.29597;	300.094
0.30033;	301.975
0.30686;	306.619
0.31121;	308.128
0.31665;	309.521
0.32209;	310.985
0.32971;	315.35
0.33406;	322.525
0.34059;	331.604
0.34494;	334.738
0.34929;	340.381
0.35365;	345.582
0.35800;	356.24
0.36235;	360.583
0.36670;	364.692
0.37323;	366.41
0.37758;	370.335
0.38194;	374.978
0.38629;	378.206
0.39064;	384.15
0.39717;	392.37
0.40152;	398.245
0.40588;	402.123
0.41132;	408.926
0.41567;	416.403
0.42002;	422.974
0.42655;	427.131
0.43090;	430.521
0.43634;	435.792
0.44070;	443.454
0.44505;	445.614
0.44940;	450.652
0.45375;	455.412
0.46028;	457.34
0.46464;	460.242
0.46899;	469.902
0.47334;	478.725
0.47878;	484.043
0.48422;	491.937
0.48857;	498.3
0.49293;	503.501
0.49946;	514.693
0.50490;	520.8
0.50925;	532.062
0.51578;	533.548
0.52122;	540.374
0.52666;	550.777
0.53319;	557.093
0.53754;	567.449
0.54189;	575.761
0.54733;	578.06
0.55277;	581.822
0.55713;	587.139
0.56148;	591.644
0.56583;	601.094
0.57127;	602.441
0.57671;	605.204
0.58107;	608.362
0.58542;	612.751
0.58977;	615.537
0.59412;	620.297
0.59956;	622.782
0.60501;	627.496
0.60936;	634.926
0.61480;	639.338
0.61915;	642.426
0.62350;	646.373
0.62786;	650.924
0.63221;	654.57
0.63656;	657.264
0.64200;	661.815
0.64744;	665.182
0.65288;	668.177
0.65724;	675.607
0.66268;	678.208
0.66703;	681.97
0.67138;	692.883
0.67573;	699.686
0.68009;	703.541
0.68553;	708.742
0.69097;	714.501
0.69641;	716.683
0.70185;	727.086
0.70620;	737.303
0.71055;	741.97
0.71491;	744.245
0.72144;	745.848
0.72579;	751.699
0.73014;	753.627
0.73449;	761.242
0.73885;	772.017
0.74429;	776.173
0.74864;	781.722
0.75408;	787.806
0.76061;	794.842
0.76605;	803.805
0.77258;	811.537
0.77693;	814.486
0.78128;	817.04
0.78564;	828.534
0.79217;	829.648
0.79652;	833.967
0.80305;	839.61
0.80740;	846.762
0.81175;	855.562
0.81719;	864.502
0.82263;	879.409
0.82699;	882.404
0.83134;	887.722
0.83678;	889.486
0.84113;	898.101
0.84548;	905.647
0.85310;	916.12
0.85745;	932.722
0.86181;	953.898
0.86616;	956.36
0.87051;	968.248
0.87486;	985.292
0.87922;	1008.14
0.88466;	1014.456
0.88901;	1039.975
0.89336;	1051.26
0.89880;	1080.169
0.90424;	1103.18
0.90860;	1129.813
0.91295;	1138.102
0.91839;	1154.937
0.92274;	1191.137
0.92709;	1243.8
0.93145;	1302.128
0.93689;	1323.49
0.94124;	1339.768
0.94559;	1371.811
0.94995;	1494.32
0.95430;	1559.544
0.95865;	1626.395
0.96300;	1710.01
0.96844;	1799.012
0.97280;	1846.45
0.97824;	2653.971
0.98259;	2912.014
0.98694;	2919.56
0.99129;	2941.341
0.99782;	4486.211

=========================

===== Content Duration [s] (YouTube + Vodafone (DE)) =====
0.01205;	47.066
0.02410;	49.063
0.04819;	64.667
0.06024;	69.241
0.07229;	74.094
0.08434;	76.811
0.10843;	100.728
0.12048;	117.725
0.15663;	130.635
0.16867;	153.089
0.18072;	167.068
0.19277;	178.932
0.24096;	179.931
0.25301;	180.094
0.26506;	183.298
0.27711;	184.181
0.28916;	214.9
0.30120;	231.758
0.31325;	235.566
0.32530;	239.885
0.33735;	243.229
0.34940;	254.978
0.36145;	300.489
0.37349;	308.733
0.38554;	313.004
0.39759;	388.887
0.40964;	400.219
0.42169;	417.564
0.43373;	424.901
0.44578;	434.329
0.45783;	464.933
0.46988;	471.457
0.48193;	484.182
0.49398;	488.153
0.50602;	500.575
0.51807;	502.061
0.54217;	521.613
0.55422;	524.492
0.56627;	541.651
0.57831;	548.687
0.59036;	603.44
0.60241;	604.763
0.62651;	620.39
0.63855;	654.268
0.65060;	654.965
0.66265;	676.861
0.67470;	704.284
0.69880;	739.694
0.71084;	743.851
0.72289;	758.781
0.74699;	759.292
0.75904;	778.332
0.77108;	820.848
0.78313;	860.206
0.79518;	915.818
0.80723;	940.361
0.81928;	956.337
0.83133;	957.242
0.84337;	965.346
0.85542;	1229.101
0.86747;	1340.186
0.87952;	1379.218
0.89157;	1591.774
0.90361;	1626.395
0.91566;	1759.77
0.92771;	1783.501
0.93976;	2616.169
0.95181;	2963.051
0.96386;	2973.291
0.97590;	7986.828
0.98795;	8114.817
1.00000;	36640.322

=========================

===== Content Duration [s] (YouTube + SIMPLE Mobile (US)) =====

=========================

