===== Initial Exo Processing Time [ms] (DTube + T-Mobile (DE)) =====
0.01288;	3
0.03433;	4
0.07725;	5
0.24034;	6
0.39056;	7
0.51931;	8
0.62661;	9
0.78112;	10
0.87124;	11
0.91416;	12
0.92275;	13
0.93133;	14
0.94850;	15
0.96137;	16
0.96996;	17
0.97854;	18
0.99142;	19
0.99571;	30
1.00000;	774

=========================

===== Initial Exo Processing Time [ms] (DTube + o2 (DE)) =====
0.01266;	4
0.03586;	5
0.13502;	6
0.27215;	7
0.45570;	8
0.64768;	9
0.79958;	10
0.89451;	11
0.94093;	12
0.96835;	13
0.97890;	14
0.98101;	15
0.98734;	16
0.99156;	17
0.99367;	18
0.99578;	28
0.99789;	33
1.00000;	3496

=========================

===== Initial Exo Processing Time [ms] (DTube + Vodafone (DE)) =====
0.12644;	2
0.20690;	3
0.33333;	4
0.39080;	5
0.74713;	6
0.96552;	7
0.97701;	8
0.98851;	14
1.00000;	29

=========================

===== Initial Exo Processing Time [ms] (DTube + SIMPLE Mobile (US)) =====

=========================

===== Initial Exo Processing Time [ms] (YouTube + T-Mobile (DE)) =====
0.00649;	3
0.03030;	4
0.07143;	5
0.19913;	6
0.31169;	7
0.40043;	8
0.57792;	9
0.71645;	10
0.79870;	11
0.84199;	12
0.86580;	13
0.87229;	14
0.87879;	15
0.89610;	16
0.90909;	17
0.91775;	18
0.92424;	19
0.93723;	20
0.95887;	21
0.96970;	22
0.97186;	23
0.97619;	25
0.98052;	26
0.98268;	28
0.98485;	48
0.98701;	52
0.98918;	285
0.99134;	1401
0.99351;	1752
0.99567;	5860
0.99784;	6224
1.00000;	8449

=========================

===== Initial Exo Processing Time [ms] (YouTube + o2 (DE)) =====
0.00109;	2
0.00544;	3
0.03482;	4
0.08487;	5
0.19369;	6
0.33406;	7
0.46790;	8
0.64200;	9
0.75952;	10
0.82263;	11
0.85528;	12
0.86942;	13
0.87813;	14
0.88466;	15
0.89010;	16
0.89880;	17
0.90533;	18
0.91621;	19
0.92601;	20
0.93798;	21
0.94668;	22
0.95212;	23
0.96083;	24
0.96844;	25
0.96953;	26
0.97062;	29
0.97171;	40
0.97280;	276
0.97388;	288
0.97497;	364
0.97606;	487
0.97715;	796
0.97824;	1802
0.98041;	1839
0.98150;	1852
0.98259;	2073
0.98368;	2126
0.98477;	2433
0.98585;	2518
0.98694;	2557
0.98803;	2608
0.98912;	3005
0.99021;	3468
0.99129;	4118
0.99238;	6195
0.99347;	6337
0.99456;	11736
0.99565;	16648
0.99674;	38921
0.99782;	79735
0.99891;	184695
1.00000;	358028

=========================

===== Initial Exo Processing Time [ms] (YouTube + Vodafone (DE)) =====
0.18072;	2
0.19277;	3
0.26506;	4
0.27711;	5
0.72289;	6
0.91566;	7
0.92771;	9
0.93976;	11
0.96386;	14
0.98795;	15
1.00000;	17

=========================

===== Initial Exo Processing Time [ms] (YouTube + SIMPLE Mobile (US)) =====

=========================

