===== Initial Buffer Size [s] (DTube + T-Mobile (DE)) =====
0.00429;	1.621
0.00858;	1.648
0.01288;	2.275
0.01717;	2.304
0.02146;	2.321
0.02575;	2.41
0.03004;	2.414
0.03433;	2.42
0.03863;	2.453
0.04292;	2.5
0.05150;	2.507
0.05579;	2.513
0.07296;	2.517
0.07725;	2.522
0.08155;	2.528
0.09871;	2.53
0.10300;	2.535
0.12017;	2.538
0.13734;	2.554
0.15880;	2.56
0.19313;	2.577
0.23176;	2.581
0.24034;	2.6
0.25322;	2.602
0.25751;	2.603
0.28755;	2.623
0.29614;	2.624
0.30043;	2.625
0.30472;	2.629
0.32618;	2.645
0.33906;	2.647
0.37339;	2.666
0.37768;	2.67
0.39914;	2.688
0.40343;	2.693
0.41202;	2.709
0.42918;	2.716
0.45494;	2.73
0.46352;	2.739
0.46781;	2.749
0.48069;	2.752
0.48498;	2.763
0.51073;	2.773
0.51931;	2.786
0.52361;	2.791
0.54506;	2.794
0.55794;	2.816
0.56223;	2.836
0.56652;	2.837
0.58369;	2.856
0.58798;	2.858
0.59227;	2.879
0.60944;	2.88
0.61373;	2.901
0.63948;	2.902
0.64807;	2.922
0.65665;	2.925
0.66094;	2.948
0.66524;	2.965
0.67382;	2.986
0.67811;	2.995
0.68240;	3.018
0.68670;	3.041
0.69528;	3.065
0.69957;	3.069
0.70386;	3.088
0.70815;	3.093
0.71245;	3.11
0.71674;	3.111
0.72961;	3.114
0.73391;	3.134
0.74678;	3.136
0.75966;	3.157
0.76824;	3.178
0.77253;	3.199
0.78112;	3.227
0.78541;	3.242
0.78970;	3.25
0.79828;	3.32
0.80258;	3.328
0.80687;	3.331
0.81974;	3.37
0.82833;	3.39
0.83262;	3.413
0.83691;	3.495
0.84120;	3.529
0.84549;	3.562
0.84979;	3.584
0.85408;	3.669
0.85837;	3.733
0.86266;	3.761
0.86695;	3.776
0.87124;	3.925
0.87554;	3.947
0.87983;	4.156
0.88412;	4.365
0.88841;	4.437
0.89270;	4.458
0.89700;	4.829
0.90129;	4.922
0.90558;	4.945
0.90987;	5.085
0.91416;	5.108
0.91845;	5.184
0.92275;	5.317
0.92704;	5.546
0.93133;	5.632
0.93562;	5.653
0.93991;	6.153
0.94421;	6.222
0.94850;	6.229
0.95279;	6.315
0.95708;	6.933
0.96137;	7.317
0.96567;	7.546
0.96996;	7.722
0.97425;	8.725
0.97854;	8.853
0.98283;	9.822
0.98712;	12.206
0.99142;	16.857
0.99571;	22.523
1.00000;	25.92

=========================

===== Initial Buffer Size [s] (DTube + o2 (DE)) =====
0.00422;	0.0
0.00633;	0.859
0.00844;	1.088
0.01055;	1.184
0.01266;	1.671
0.01477;	1.685
0.01688;	1.856
0.02110;	1.857
0.02321;	1.898
0.02532;	1.973
0.02743;	2.112
0.02954;	2.154
0.03165;	2.182
0.03376;	2.261
0.03586;	2.389
0.03797;	2.391
0.04008;	2.432
0.04219;	2.453
0.05063;	2.461
0.05274;	2.484
0.06540;	2.496
0.06962;	2.502
0.08861;	2.507
0.09072;	2.516
0.13713;	2.517
0.13924;	2.522
0.16245;	2.53
0.16667;	2.535
0.19831;	2.538
0.20042;	2.55
0.20464;	2.553
0.23207;	2.554
0.23418;	2.556
0.23629;	2.557
0.24684;	2.56
0.24895;	2.564
0.27426;	2.577
0.30169;	2.581
0.31646;	2.6
0.33333;	2.602
0.36709;	2.623
0.39241;	2.624
0.39451;	2.626
0.39873;	2.635
0.40928;	2.645
0.42827;	2.647
0.45781;	2.666
0.46203;	2.67
0.46414;	2.686
0.46624;	2.687
0.47046;	2.688
0.47257;	2.69
0.48101;	2.693
0.48945;	2.709
0.50000;	2.716
0.51688;	2.73
0.52110;	2.739
0.55274;	2.752
0.55696;	2.762
0.57173;	2.763
0.58439;	2.773
0.58650;	2.776
0.60127;	2.786
0.61603;	2.794
0.63291;	2.816
0.63924;	2.832
0.64346;	2.837
0.64557;	2.839
0.64768;	2.855
0.65190;	2.856
0.65612;	2.858
0.66456;	2.879
0.67089;	2.88
0.67722;	2.901
0.68776;	2.902
0.68987;	2.912
0.70042;	2.922
0.71308;	2.925
0.72152;	2.944
0.73207;	2.948
0.73418;	2.965
0.74684;	2.986
0.75738;	2.995
0.75949;	3.008
0.77215;	3.018
0.77637;	3.029
0.77848;	3.041
0.78059;	3.047
0.79114;	3.072
0.79325;	3.093
0.79536;	3.111
0.79747;	3.134
0.79958;	3.157
0.80169;	3.166
0.80380;	3.178
0.80591;	3.179
0.80802;	3.199
0.81224;	3.2
0.81857;	3.204
0.82278;	3.25
0.82489;	3.264
0.82700;	3.285
0.82911;	3.306
0.83122;	3.328
0.83333;	3.39
0.83544;	3.412
0.83755;	3.413
0.83966;	3.431
0.84177;	3.434
0.84388;	3.436
0.84599;	3.482
0.84810;	3.506
0.85021;	3.519
0.85232;	3.552
0.85443;	3.562
0.85654;	3.599
0.85865;	3.69
0.86076;	3.733
0.86287;	3.737
0.86498;	3.761
0.86709;	3.784
0.86920;	3.797
0.87131;	3.808
0.87553;	3.818
0.87764;	3.861
0.88397;	3.877
0.88608;	3.882
0.88819;	3.9
0.89030;	3.946
0.89451;	4.01
0.89662;	4.032
0.89873;	4.04
0.90084;	4.086
0.90295;	4.202
0.90506;	4.287
0.90928;	4.435
0.91139;	4.458
0.91350;	4.48
0.91561;	4.501
0.91772;	4.586
0.91983;	4.757
0.92194;	4.76
0.92405;	5.061
0.92616;	5.205
0.92827;	5.269
0.93038;	5.333
0.93249;	5.354
0.93460;	5.456
0.93671;	5.572
0.93882;	5.653
0.94093;	5.665
0.94304;	5.712
0.94515;	5.944
0.94726;	5.952
0.94937;	5.967
0.95148;	5.973
0.95359;	6.06
0.95570;	6.106
0.95781;	6.208
0.95992;	6.479
0.96203;	6.965
0.96414;	6.989
0.96624;	7.146
0.96835;	7.338
0.97046;	7.407
0.97257;	7.546
0.97468;	7.941
0.97679;	8.445
0.97890;	8.846
0.98101;	9.173
0.98312;	9.613
0.98523;	10.147
0.98734;	10.356
0.98945;	11.989
0.99156;	12.01
0.99367;	12.181
0.99578;	14.419
0.99789;	16.618
1.00000;	27.631

=========================

===== Initial Buffer Size [s] (DTube + Vodafone (DE)) =====
0.01149;	0.0
0.02299;	0.812
0.03448;	1.621
0.04598;	2.197
0.05747;	2.431
0.06897;	2.461
0.08046;	2.484
0.09195;	2.515
0.12644;	2.517
0.13793;	2.518
0.14943;	2.527
0.18391;	2.53
0.19540;	2.537
0.21839;	2.538
0.25287;	2.554
0.27586;	2.558
0.28736;	2.56
0.29885;	2.574
0.31034;	2.576
0.33333;	2.577
0.36782;	2.581
0.40230;	2.597
0.42529;	2.6
0.43678;	2.62
0.50575;	2.623
0.51724;	2.624
0.52874;	2.643
0.54023;	2.645
0.57471;	2.647
0.58621;	2.665
0.59770;	2.666
0.60920;	2.686
0.62069;	2.688
0.63218;	2.693
0.64368;	2.707
0.65517;	2.709
0.67816;	2.73
0.68966;	2.75
0.70115;	2.763
0.71264;	2.809
0.72414;	2.835
0.74713;	2.837
0.75862;	2.899
0.77011;	2.901
0.79310;	2.922
0.80460;	2.925
0.81609;	2.944
0.82759;	2.948
0.83908;	2.991
0.85057;	2.995
0.86207;	3.029
0.87356;	3.05
0.88506;	3.111
0.89655;	3.134
0.90805;	3.221
0.91954;	3.263
0.93103;	3.34
0.94253;	3.434
0.95402;	3.52
0.96552;	3.619
0.97701;	3.733
0.98851;	5.224
1.00000;	5.479

=========================

===== Initial Buffer Size [s] (DTube + SIMPLE Mobile (US)) =====

=========================

===== Initial Buffer Size [s] (YouTube + T-Mobile (DE)) =====
0.01515;	0.0
0.01732;	1.927
0.01948;	2.36
0.02381;	2.391
0.02597;	2.4
0.05195;	2.414
0.05411;	2.484
0.05628;	2.6
0.06277;	2.693
0.06494;	2.716
0.06710;	2.802
0.07143;	2.809
0.08009;	2.84
0.09524;	2.856
0.10390;	2.88
0.15584;	2.902
0.15801;	2.942
0.16017;	2.972
0.16234;	2.995
0.16667;	3.134
0.16883;	3.157
0.17100;	3.236
0.17316;	3.303
0.18615;	3.32
0.18831;	3.36
0.22727;	3.39
0.22944;	3.436
0.23160;	3.552
0.23810;	3.784
0.24026;	3.8
0.27489;	3.877
0.27706;	3.947
0.27922;	3.993
0.28355;	4.017
0.28571;	4.109
0.28788;	4.133
0.29221;	4.226
0.30519;	4.249
0.30736;	4.272
0.30952;	4.28
0.31169;	4.36
0.34848;	4.365
0.35065;	4.574
0.35281;	4.69
0.35714;	4.713
0.35931;	4.736
0.36147;	4.76
0.38961;	4.829
0.39394;	4.852
0.39827;	5.038
0.40260;	5.131
0.44156;	5.294
0.44372;	5.479
0.46970;	5.758
0.47186;	5.766
0.47403;	5.964
0.47619;	5.967
0.47835;	6.06
0.48052;	6.199
0.50433;	6.222
0.50649;	6.431
0.51082;	6.571
0.51299;	6.594
0.51515;	6.617
0.51732;	6.64
0.53680;	6.687
0.53896;	6.733
0.54113;	6.757
0.54545;	6.942
0.54978;	7.035
0.55195;	7.082
0.55411;	7.133
0.57359;	7.151
0.57576;	7.198
0.57792;	7.267
0.58009;	7.291
0.58225;	7.314
0.58442;	7.337
0.58658;	7.36
0.60823;	7.616
0.61039;	7.639
0.61255;	7.662
0.61688;	7.755
0.61905;	7.918
0.62554;	7.964
0.62771;	8.01
0.64935;	8.08
0.65368;	8.126
0.65584;	8.266
0.66883;	8.544
0.67100;	8.684
0.67316;	8.717
0.67532;	8.777
0.67749;	8.87
0.67965;	8.893
0.69913;	9.009
0.70130;	9.217
0.70346;	9.311
0.70563;	9.357
0.73377;	9.473
0.73593;	9.613
0.74026;	9.891
0.75974;	9.938
0.76407;	9.961
0.76623;	10.077
0.77056;	10.147
0.77273;	10.286
0.77489;	10.4
0.79004;	10.402
0.79221;	10.448
0.79437;	10.495
0.79870;	10.681
0.80519;	10.75
0.82035;	10.866
0.82251;	11.192
0.82684;	11.238
0.83766;	11.331
0.83983;	11.517
0.84199;	11.679
0.84632;	11.772
0.85498;	11.795
0.85714;	12.004
0.86580;	12.26
0.86797;	12.345
0.87013;	12.353
0.87662;	12.608
0.87879;	12.724
0.88095;	12.794
0.88312;	12.979
0.88745;	13.188
0.88961;	13.653
0.89177;	13.955
0.89827;	14.117
0.90043;	14.164
0.90260;	14.21
0.90693;	14.466
0.90909;	14.582
0.91126;	14.628
0.91558;	14.86
0.91991;	15.046
0.92208;	15.464
0.92424;	15.603
0.92857;	15.766
0.93074;	15.975
0.93290;	16.091
0.93506;	16.277
0.93723;	16.323
0.94156;	16.439
0.94372;	16.555
0.94805;	16.997
0.95022;	17.368
0.95238;	17.461
0.95671;	17.832
0.95887;	17.902
0.96320;	17.925
0.96537;	18.204
0.96753;	18.297
0.96970;	18.552
0.97186;	19.04
0.97403;	19.226
0.97619;	20.619
0.97835;	20.967
0.98052;	21.08
0.98268;	21.104
0.98485;	21.78
0.98701;	22.012
0.98918;	22.476
0.99134;	23.243
0.99351;	23.382
0.99567;	24.357
0.99784;	24.682
1.00000;	39.775

=========================

===== Initial Buffer Size [s] (YouTube + o2 (DE)) =====
0.01632;	0.0
0.01741;	1.137
0.01850;	1.625
0.02067;	1.927
0.02176;	2.36
0.02394;	2.391
0.03482;	2.414
0.03808;	2.438
0.04135;	2.461
0.04244;	2.484
0.04570;	2.507
0.05223;	2.53
0.05332;	2.546
0.05767;	2.554
0.06311;	2.577
0.06638;	2.6
0.07291;	2.623
0.07508;	2.67
0.07726;	2.693
0.07943;	2.711
0.08270;	2.716
0.08596;	2.739
0.08923;	2.752
0.10990;	2.763
0.11317;	2.769
0.11425;	2.786
0.11861;	2.802
0.12296;	2.809
0.12622;	2.832
0.12840;	2.836
0.15234;	2.84
0.18063;	2.856
0.18172;	2.879
0.21328;	2.88
0.34929;	2.902
0.35038;	2.925
0.35365;	2.948
0.35691;	2.972
0.36126;	3.041
0.36235;	3.157
0.36670;	3.181
0.37106;	3.204
0.37214;	3.227
0.37323;	3.274
0.37432;	3.297
0.37541;	3.303
0.39064;	3.32
0.39173;	3.336
0.39391;	3.36
0.43308;	3.39
0.43634;	3.459
0.43743;	3.628
0.44178;	3.645
0.44287;	3.691
0.44396;	3.703
0.44723;	3.737
0.44831;	3.738
0.45375;	3.784
0.45593;	3.8
0.45702;	3.808
0.45811;	3.833
0.45919;	3.84
0.50490;	3.877
0.50598;	3.9
0.50816;	4.109
0.51034;	4.204
0.51469;	4.249
0.51578;	4.28
0.51795;	4.32
0.51904;	4.333
0.52122;	4.342
0.52231;	4.36
0.54516;	4.365
0.54625;	4.388
0.54733;	4.435
0.54842;	4.574
0.54951;	4.62
0.55060;	4.667
0.55169;	4.671
0.55277;	4.69
0.55495;	4.704
0.56148;	4.713
0.59086;	4.829
0.59304;	4.852
0.59630;	5.038
0.59739;	5.131
0.59848;	5.171
0.60283;	5.178
0.60392;	5.266
0.60718;	5.28
0.60827;	5.291
0.62894;	5.294
0.63003;	5.333
0.63112;	5.363
0.63221;	5.479
0.63439;	5.503
0.63656;	5.605
0.63983;	5.642
0.64091;	5.72
0.65397;	5.758
0.65506;	5.781
0.65615;	5.804
0.65724;	5.828
0.65832;	5.921
0.66050;	5.967
0.66159;	5.99
0.66485;	6.106
0.69097;	6.222
0.69206;	6.246
0.69314;	6.315
0.69423;	6.381
0.69532;	6.431
0.69859;	6.571
0.70076;	6.64
0.70185;	6.664
0.71600;	6.687
0.71708;	6.849
0.71926;	6.873
0.72144;	6.896
0.72252;	6.942
0.72361;	7.012
0.72688;	7.035
0.73993;	7.151
0.74102;	7.43
0.74211;	7.5
0.74320;	7.546
0.74973;	7.616
0.75082;	7.639
0.75299;	7.662
0.75408;	7.825
0.75517;	7.848
0.75843;	7.964
0.76061;	7.987
0.76170;	8.057
0.76279;	8.066
0.77802;	8.08
0.77911;	8.103
0.78020;	8.216
0.78237;	8.289
0.78346;	8.359
0.78455;	8.382
0.78999;	8.428
0.79108;	8.452
0.79217;	8.533
0.80522;	8.544
0.80631;	8.842
0.80740;	8.916
0.81828;	9.009
0.82155;	9.218
0.82263;	9.309
0.82590;	9.357
0.82699;	9.375
0.82807;	9.427
0.84004;	9.473
0.84113;	9.543
0.84222;	9.682
0.84331;	9.729
0.84440;	9.809
0.85310;	9.938
0.85419;	9.984
0.85637;	10.147
0.85745;	10.309
0.86181;	10.402
0.86289;	10.425
0.86507;	10.448
0.86616;	10.593
0.86942;	10.611
0.87051;	10.704
0.87269;	10.75
0.87378;	10.774
0.88357;	10.866
0.88683;	11.075
0.88792;	11.215
0.88901;	11.238
0.89445;	11.331
0.89554;	11.377
0.89663;	11.4
0.89771;	11.679
0.90207;	11.795
0.90316;	11.842
0.90424;	12.097
0.90642;	12.167
0.90968;	12.26
0.91077;	12.399
0.91186;	12.445
0.91295;	12.538
0.91404;	12.561
0.91513;	12.654
0.91621;	12.678
0.92274;	12.724
0.92383;	12.733
0.92492;	12.747
0.92601;	12.817
0.92709;	12.933
0.92818;	13.072
0.92927;	13.119
0.93036;	13.188
0.93145;	13.281
0.93254;	13.52
0.93362;	13.537
0.94124;	13.653
0.94233;	13.931
0.94342;	13.978
0.94450;	13.98
0.94559;	14.117
0.94777;	14.164
0.94886;	14.187
0.94995;	14.373
0.95103;	14.447
0.95539;	14.582
0.95647;	14.628
0.95756;	14.639
0.95865;	14.675
0.96409;	15.046
0.96518;	15.139
0.96844;	15.51
0.96953;	15.603
0.97062;	15.673
0.97171;	15.812
0.97280;	16.068
0.97388;	16.253
0.97715;	16.439
0.97824;	16.904
0.97933;	16.927
0.98041;	17.113
0.98368;	17.368
0.98477;	17.832
0.98585;	17.925
0.98694;	19.226
0.98803;	19.365
0.99021;	19.69
0.99129;	20.154
0.99238;	20.619
0.99347;	23.127
0.99456;	23.754
0.99565;	24.055
0.99674;	24.775
0.99782;	25.007
0.99891;	26.192
1.00000;	28.305

=========================

===== Initial Buffer Size [s] (YouTube + Vodafone (DE)) =====
0.03614;	0.0
0.04819;	0.464
0.07229;	1.439
0.08434;	2.321
0.12048;	2.414
0.16867;	2.507
0.19277;	2.53
0.20482;	2.647
0.22892;	2.69
0.25301;	2.693
0.27711;	2.711
0.31325;	2.716
0.32530;	2.736
0.33735;	2.739
0.36145;	2.763
0.37349;	2.789
0.40964;	2.802
0.42169;	2.809
0.44578;	2.822
0.45783;	2.829
0.49398;	2.832
0.57831;	2.84
0.60241;	2.856
0.61446;	2.859
0.62651;	2.879
0.66265;	2.88
0.71084;	2.899
0.85542;	2.902
0.86747;	2.915
0.89157;	2.922
0.90361;	3.065
0.91566;	3.204
0.92771;	3.36
0.93976;	3.738
0.95181;	4.365
0.96386;	4.385
0.97590;	4.8
0.98795;	5.294
1.00000;	6.571

=========================

===== Initial Buffer Size [s] (YouTube + SIMPLE Mobile (US)) =====

=========================

