===== Stall Duration [ms] (DTube + T-Mobile (DE)) =====
0.03863;	0
0.04292;	44
0.04721;	53
0.05150;	55
0.06009;	56
0.06438;	59
0.06867;	60
0.07296;	62
0.07725;	63
0.08155;	65
0.11159;	66
0.12446;	67
0.15451;	68
0.18026;	69
0.21030;	70
0.23605;	71
0.27039;	72
0.30901;	73
0.37339;	74
0.42489;	75
0.46781;	76
0.51502;	77
0.57511;	78
0.60944;	79
0.63948;	80
0.67811;	81
0.68670;	82
0.70386;	83
0.70815;	84
0.71245;	85
0.72103;	86
0.72532;	89
0.72961;	91
0.73391;	104
0.73820;	105
0.74249;	106
0.74678;	108
0.75107;	109
0.75536;	110
0.75966;	111
0.76395;	112
0.77682;	113
0.80258;	114
0.80687;	115
0.81545;	117
0.81974;	120
0.82403;	127
0.83262;	128
0.83691;	129
0.84549;	130
0.84979;	132
0.85837;	133
0.86695;	134
0.87554;	135
0.87983;	136
0.89270;	138
0.90129;	140
0.90558;	141
0.91845;	142
0.92704;	143
0.93133;	144
0.93991;	145
0.94421;	146
0.95279;	147
0.95708;	151
0.96137;	152
0.96996;	154
0.97425;	155
0.97854;	156
0.98712;	164
0.99142;	168
0.99571;	20435
1.00000;	28012

=========================

===== Stall Duration [ms] (DTube + o2 (DE)) =====
0.04008;	0
0.04219;	60
0.04430;	62
0.04852;	65
0.05485;	66
0.05907;	67
0.07384;	68
0.09705;	69
0.12025;	70
0.16667;	71
0.18776;	72
0.22996;	73
0.29536;	74
0.35865;	75
0.38608;	76
0.44093;	77
0.47046;	78
0.49367;	79
0.53165;	80
0.56329;	81
0.58439;	82
0.61603;	83
0.63291;	84
0.64135;	85
0.66456;	86
0.67089;	87
0.67722;	88
0.68354;	89
0.69198;	90
0.69831;	91
0.70253;	92
0.70675;	93
0.70886;	94
0.71097;	96
0.71308;	97
0.71519;	104
0.71941;	105
0.72152;	106
0.72363;	107
0.72996;	108
0.74051;	109
0.74473;	110
0.75105;	111
0.75949;	112
0.76793;	113
0.78270;	114
0.78903;	115
0.80169;	116
0.80802;	117
0.81224;	118
0.81435;	119
0.82278;	120
0.82489;	121
0.82700;	122
0.82911;	127
0.83122;	131
0.83333;	132
0.83966;	133
0.84599;	134
0.85654;	135
0.86709;	136
0.87975;	137
0.88397;	138
0.88608;	139
0.89451;	141
0.90295;	143
0.90928;	144
0.91561;	145
0.91983;	146
0.92194;	147
0.93882;	148
0.94093;	150
0.94304;	152
0.94726;	153
0.94937;	154
0.95148;	157
0.95359;	158
0.95570;	159
0.95992;	160
0.96203;	163
0.96414;	165
0.96624;	166
0.96835;	169
0.97046;	179
0.97257;	1864
0.97468;	3048
0.97679;	4040
0.97890;	4842
0.98101;	4948
0.98312;	5695
0.98523;	5836
0.98734;	10184
0.98945;	11374
0.99156;	20881
0.99367;	31203
0.99578;	38850
0.99789;	39188
1.00000;	56815

=========================

===== Stall Duration [ms] (DTube + Vodafone (DE)) =====
0.04598;	0
0.05747;	43
0.06897;	44
0.08046;	48
0.11494;	52
0.13793;	53
0.19540;	54
0.24138;	55
0.26437;	56
0.36782;	57
0.39080;	58
0.49425;	59
0.55172;	60
0.58621;	61
0.63218;	62
0.71264;	63
0.73563;	64
0.75862;	65
0.80460;	66
0.81609;	67
0.85057;	69
0.86207;	70
0.87356;	73
0.89655;	76
0.90805;	77
0.91954;	78
0.93103;	81
0.94253;	83
0.95402;	96
0.96552;	99
0.97701;	107
0.98851;	110
1.00000;	119

=========================

===== Stall Duration [ms] (DTube + SIMPLE Mobile (US)) =====

=========================

===== Stall Duration [ms] (YouTube + T-Mobile (DE)) =====
0.02597;	0
0.02814;	43
0.03030;	55
0.03247;	56
0.03680;	59
0.04113;	61
0.04978;	65
0.05628;	66
0.06277;	67
0.06710;	68
0.07576;	69
0.08442;	70
0.09091;	71
0.10173;	72
0.10390;	73
0.12121;	74
0.13203;	75
0.13636;	76
0.14069;	77
0.14286;	78
0.14502;	79
0.14935;	80
0.15584;	81
0.16017;	83
0.16234;	90
0.16450;	104
0.16667;	105
0.16883;	106
0.17316;	107
0.17965;	108
0.18615;	109
0.18831;	110
0.19048;	112
0.19264;	117
0.19481;	119
0.19913;	122
0.20346;	124
0.20996;	125
0.21861;	126
0.23593;	127
0.25325;	128
0.26840;	129
0.29437;	130
0.32684;	131
0.35714;	132
0.39177;	133
0.43723;	134
0.47835;	135
0.50866;	136
0.53680;	137
0.57143;	138
0.59740;	139
0.62987;	140
0.65584;	141
0.66883;	142
0.68831;	143
0.70779;	144
0.72294;	145
0.74242;	146
0.77056;	147
0.79654;	148
0.82684;	149
0.84199;	150
0.85281;	151
0.86147;	152
0.87229;	153
0.88312;	154
0.89610;	155
0.91558;	156
0.91991;	157
0.93290;	158
0.94156;	159
0.95238;	160
0.95887;	161
0.96537;	162
0.96753;	163
0.97835;	164
0.98052;	165
0.98268;	167
0.98485;	170
0.98918;	171
0.99351;	174
0.99567;	175
1.00000;	181

=========================

===== Stall Duration [ms] (YouTube + o2 (DE)) =====
0.03156;	0
0.03264;	64
0.03482;	65
0.04026;	66
0.04570;	67
0.05658;	68
0.06202;	69
0.06638;	70
0.07835;	71
0.08923;	72
0.10011;	73
0.11861;	74
0.13275;	75
0.14908;	76
0.15996;	77
0.17301;	78
0.18934;	79
0.20457;	80
0.21436;	81
0.22851;	82
0.23504;	83
0.24157;	84
0.24918;	85
0.25354;	86
0.25680;	87
0.26007;	88
0.26442;	89
0.26659;	91
0.26768;	93
0.26986;	94
0.27095;	101
0.27203;	102
0.27530;	106
0.27748;	107
0.28074;	108
0.28183;	109
0.28400;	110
0.28727;	111
0.29053;	112
0.29271;	113
0.29706;	114
0.30141;	115
0.30468;	116
0.30686;	117
0.30794;	118
0.31121;	119
0.31447;	120
0.31991;	126
0.32535;	127
0.33515;	128
0.34276;	129
0.36126;	130
0.37541;	131
0.39499;	132
0.42220;	133
0.44831;	134
0.48966;	135
0.51795;	136
0.54516;	137
0.56910;	138
0.60283;	139
0.63439;	140
0.65941;	141
0.69097;	142
0.71164;	143
0.73667;	144
0.75190;	145
0.77040;	146
0.79217;	147
0.80522;	148
0.81393;	149
0.82590;	150
0.83896;	151
0.84766;	152
0.85963;	153
0.87160;	154
0.87704;	155
0.88575;	156
0.89119;	157
0.89880;	158
0.90316;	159
0.90751;	160
0.91295;	161
0.91513;	162
0.91948;	163
0.92274;	164
0.92492;	165
0.92927;	166
0.93145;	167
0.93362;	168
0.93471;	169
0.93689;	170
0.93798;	172
0.93906;	173
0.94124;	174
0.94233;	175
0.94342;	176
0.94450;	178
0.94559;	193
0.94668;	200
0.94777;	260
0.94886;	2983
0.94995;	3381
0.95103;	4035
0.95212;	4190
0.95321;	4291
0.95430;	4470
0.95539;	4706
0.95647;	4757
0.95756;	5214
0.95865;	5583
0.95974;	5718
0.96083;	5993
0.96192;	6241
0.96300;	6478
0.96409;	6830
0.96518;	8312
0.96627;	9157
0.96736;	10051
0.96844;	10661
0.96953;	11294
0.97062;	11424
0.97171;	14466
0.97280;	14878
0.97388;	15458
0.97497;	16455
0.97606;	16503
0.97715;	17347
0.97824;	17829
0.97933;	19477
0.98041;	20381
0.98150;	21379
0.98259;	21970
0.98368;	26945
0.98477;	27107
0.98585;	29646
0.98694;	30082
0.98803;	32932
0.98912;	35291
0.99021;	37145
0.99129;	39112
0.99238;	40305
0.99347;	41810
0.99456;	46878
0.99565;	49796
0.99674;	50092
0.99782;	50598
0.99891;	50864
1.00000;	57222

=========================

===== Stall Duration [ms] (YouTube + Vodafone (DE)) =====
0.02410;	0
0.06024;	50
0.08434;	51
0.09639;	52
0.14458;	53
0.15663;	54
0.19277;	55
0.25301;	56
0.30120;	57
0.33735;	58
0.37349;	59
0.39759;	60
0.40964;	61
0.43373;	62
0.48193;	63
0.53012;	64
0.57831;	65
0.63855;	66
0.67470;	67
0.69880;	68
0.71084;	69
0.72289;	72
0.73494;	75
0.75904;	78
0.78313;	79
0.79518;	82
0.80723;	100
0.81928;	103
0.83133;	108
0.84337;	109
0.89157;	116
0.90361;	117
0.91566;	118
0.92771;	119
0.93976;	124
0.95181;	139
0.96386;	3652
0.97590;	4421
0.98795;	8101
1.00000;	14738

=========================

===== Stall Duration [ms] (YouTube + SIMPLE Mobile (US)) =====

=========================

