===== Time to Reach Source [s] (DTube + T-Mobile (DE)) =====
0.00429;	0.692
0.00858;	0.722
0.01288;	0.726
0.01717;	0.751
0.02146;	0.766
0.02575;	0.776
0.03004;	0.821
0.03433;	0.824
0.03863;	0.837
0.04292;	0.838
0.04721;	0.841
0.05579;	0.853
0.06009;	0.859
0.06438;	0.869
0.06867;	0.88
0.07296;	0.885
0.07725;	0.886
0.08155;	0.889
0.08584;	0.894
0.09013;	0.905
0.09442;	0.913
0.09871;	0.916
0.10300;	0.917
0.10730;	0.924
0.11159;	0.932
0.11588;	0.936
0.12017;	0.95
0.12446;	0.955
0.12876;	0.961
0.13305;	0.97
0.13734;	0.981
0.14163;	0.982
0.14592;	0.985
0.15451;	0.986
0.15880;	0.991
0.16309;	1.012
0.16738;	1.018
0.17167;	1.021
0.17597;	1.024
0.18026;	1.029
0.18455;	1.032
0.18884;	1.033
0.19313;	1.042
0.19742;	1.043
0.20172;	1.045
0.20601;	1.048
0.21030;	1.049
0.21459;	1.051
0.21888;	1.052
0.22747;	1.056
0.23605;	1.058
0.24034;	1.059
0.24464;	1.07
0.24893;	1.08
0.25322;	1.098
0.26180;	1.1
0.26609;	1.102
0.27039;	1.121
0.27897;	1.123
0.28326;	1.128
0.28755;	1.129
0.29185;	1.137
0.30043;	1.139
0.30472;	1.141
0.30901;	1.147
0.31330;	1.152
0.31760;	1.168
0.32189;	1.169
0.32618;	1.177
0.33476;	1.179
0.33906;	1.186
0.34335;	1.188
0.35193;	1.191
0.35622;	1.193
0.36052;	1.198
0.36481;	1.211
0.36910;	1.216
0.37339;	1.217
0.38197;	1.221
0.38627;	1.222
0.39056;	1.225
0.39485;	1.23
0.39914;	1.231
0.40343;	1.234
0.40773;	1.244
0.41202;	1.246
0.41631;	1.255
0.42060;	1.271
0.42489;	1.275
0.43348;	1.278
0.43777;	1.288
0.44206;	1.29
0.44635;	1.302
0.45064;	1.326
0.45494;	1.337
0.45923;	1.338
0.46781;	1.359
0.47210;	1.36
0.47639;	1.366
0.48498;	1.381
0.48927;	1.389
0.49356;	1.395
0.49785;	1.399
0.50215;	1.407
0.50644;	1.41
0.51073;	1.419
0.51502;	1.42
0.51931;	1.421
0.52361;	1.424
0.52790;	1.436
0.53219;	1.437
0.54077;	1.438
0.54506;	1.445
0.54936;	1.448
0.55365;	1.453
0.55794;	1.461
0.56223;	1.466
0.56652;	1.472
0.57082;	1.487
0.57511;	1.505
0.57940;	1.527
0.58369;	1.544
0.58798;	1.583
0.59227;	1.592
0.59657;	1.615
0.60086;	1.616
0.60515;	1.617
0.60944;	1.623
0.61373;	1.631
0.61803;	1.648
0.62232;	1.65
0.62661;	1.651
0.63090;	1.754
0.63519;	1.811
0.63948;	1.853
0.64378;	1.87
0.64807;	1.873
0.65236;	1.905
0.65665;	1.918
0.66094;	1.92
0.66524;	1.938
0.66953;	1.957
0.67382;	1.98
0.67811;	2.056
0.68240;	2.064
0.68670;	2.066
0.69099;	2.071
0.69528;	2.077
0.69957;	2.123
0.70386;	2.154
0.70815;	2.165
0.71245;	2.276
0.71674;	2.376
0.72103;	2.391
0.72532;	2.396
0.72961;	2.402
0.73391;	2.418
0.73820;	2.427
0.74249;	2.484
0.74678;	2.496
0.75107;	2.538
0.75536;	2.652
0.75966;	2.673
0.76395;	2.679
0.76824;	2.871
0.77253;	2.898
0.77682;	2.915
0.78112;	2.921
0.78541;	3.075
0.78970;	3.236
0.79399;	3.327
0.79828;	3.432
0.80258;	3.51
0.80687;	3.518
0.81116;	3.567
0.81545;	3.68
0.81974;	3.69
0.82403;	3.749
0.82833;	3.772
0.83691;	3.976
0.84120;	3.985
0.84549;	4.096
0.84979;	4.268
0.85408;	4.422
0.85837;	4.54
0.86266;	4.548
0.86695;	4.641
0.87124;	4.705
0.87554;	4.786
0.87983;	4.823
0.88412;	4.879
0.88841;	4.899
0.89270;	5.22
0.89700;	5.264
0.90129;	5.268
0.90558;	5.428
0.90987;	5.982
0.91416;	6.207
0.91845;	6.511
0.92275;	6.673
0.92704;	7.54
0.93133;	8.013
0.93562;	8.174
0.93991;	8.297
0.94421;	8.638
0.94850;	8.707
0.95279;	8.93
0.95708;	10.06
0.96137;	15.331
0.96567;	17.863
0.96996;	18.623
0.97425;	20.297
0.97854;	24.4
0.98283;	30.316
0.98712;	33.345
0.99142;	50.232
0.99571;	181.415
1.00000;	181.669

=========================

===== Time to Reach Source [s] (DTube + o2 (DE)) =====
0.00211;	0.428
0.00633;	0.609
0.01055;	0.63
0.01477;	0.663
0.01899;	0.698
0.02321;	0.71
0.02743;	0.739
0.03165;	0.745
0.03586;	0.772
0.04008;	0.776
0.04430;	0.788
0.04852;	0.792
0.05274;	0.803
0.05696;	0.813
0.06329;	0.83
0.06751;	0.838
0.07173;	0.841
0.07595;	0.854
0.08017;	0.859
0.08650;	0.865
0.09072;	0.87
0.09494;	0.881
0.09916;	0.891
0.10338;	0.894
0.10759;	0.903
0.11181;	0.913
0.11814;	0.918
0.12447;	0.924
0.12869;	0.928
0.13291;	0.934
0.13713;	0.942
0.14346;	0.947
0.14768;	0.956
0.15190;	0.958
0.15612;	0.963
0.16245;	0.971
0.16667;	0.975
0.17300;	0.981
0.17722;	0.987
0.18354;	0.995
0.18776;	1.003
0.19198;	1.016
0.19620;	1.02
0.20253;	1.027
0.20675;	1.03
0.21097;	1.035
0.21519;	1.052
0.22574;	1.068
0.22996;	1.071
0.23418;	1.074
0.24051;	1.078
0.24473;	1.084
0.24895;	1.093
0.25316;	1.101
0.25738;	1.107
0.26160;	1.11
0.26793;	1.116
0.27215;	1.13
0.27637;	1.135
0.28481;	1.138
0.28903;	1.142
0.29325;	1.151
0.29747;	1.16
0.30380;	1.164
0.30802;	1.168
0.31224;	1.174
0.31857;	1.188
0.32278;	1.192
0.32700;	1.204
0.33122;	1.236
0.33544;	1.238
0.33966;	1.243
0.34388;	1.257
0.34810;	1.269
0.35232;	1.273
0.35865;	1.283
0.36287;	1.287
0.37131;	1.291
0.37553;	1.306
0.37975;	1.312
0.38397;	1.333
0.38819;	1.34
0.39241;	1.342
0.39662;	1.363
0.40084;	1.379
0.40506;	1.383
0.40928;	1.388
0.41350;	1.397
0.41772;	1.409
0.42194;	1.414
0.42616;	1.421
0.43038;	1.427
0.43460;	1.449
0.44093;	1.471
0.44515;	1.475
0.44937;	1.486
0.45359;	1.494
0.45781;	1.499
0.46414;	1.508
0.47046;	1.526
0.47468;	1.54
0.47890;	1.56
0.48312;	1.569
0.49156;	1.581
0.49578;	1.609
0.50000;	1.616
0.50422;	1.627
0.50844;	1.645
0.51266;	1.656
0.51688;	1.671
0.52110;	1.687
0.52532;	1.7
0.52954;	1.735
0.53376;	1.745
0.54008;	1.751
0.54430;	1.79
0.54852;	1.796
0.55274;	1.816
0.55696;	1.839
0.56118;	1.858
0.56540;	1.888
0.56962;	1.916
0.57384;	1.929
0.57806;	1.938
0.58228;	1.953
0.58650;	1.98
0.59072;	1.99
0.59494;	1.992
0.59916;	2.003
0.60338;	2.034
0.60759;	2.087
0.61181;	2.107
0.61603;	2.115
0.62025;	2.17
0.62447;	2.22
0.62869;	2.241
0.63291;	2.266
0.63713;	2.281
0.64346;	2.337
0.64768;	2.414
0.65190;	2.451
0.65612;	2.459
0.66034;	2.495
0.66456;	2.544
0.66878;	2.596
0.67300;	2.622
0.67722;	2.636
0.68354;	2.651
0.68776;	2.703
0.69198;	2.717
0.69620;	2.759
0.70042;	2.812
0.70464;	2.892
0.70886;	2.923
0.71519;	2.926
0.71941;	2.978
0.72363;	2.992
0.72785;	3.043
0.73207;	3.122
0.73629;	3.17
0.74051;	3.208
0.74473;	3.229
0.74895;	3.307
0.75316;	3.332
0.75738;	3.481
0.76160;	3.579
0.76582;	3.622
0.77004;	3.669
0.77426;	3.783
0.77848;	3.913
0.78270;	4.02
0.78692;	4.043
0.79114;	4.082
0.79536;	4.102
0.79958;	4.22
0.80380;	4.252
0.80802;	4.287
0.81224;	4.331
0.81646;	4.356
0.82068;	4.392
0.82489;	4.415
0.82911;	4.446
0.83333;	4.688
0.83755;	4.795
0.84177;	4.968
0.84599;	5.096
0.85021;	5.159
0.85443;	5.215
0.85865;	5.476
0.86287;	5.645
0.86709;	5.942
0.87131;	6.109
0.87553;	6.215
0.87975;	6.439
0.88397;	6.604
0.88819;	6.778
0.89241;	7.123
0.89662;	7.353
0.90084;	7.654
0.90506;	7.736
0.90928;	8.053
0.91350;	9.257
0.91772;	9.524
0.92194;	9.608
0.92616;	9.82
0.93038;	10.007
0.93460;	10.48
0.93882;	10.837
0.94304;	11.686
0.94726;	12.529
0.95148;	12.864
0.95570;	13.541
0.95992;	14.086
0.96414;	16.374
0.96835;	17.844
0.97257;	20.469
0.97679;	25.26
0.98101;	27.322
0.98523;	33.196
0.98945;	42.565
0.99367;	48.235
0.99789;	262.328

=========================

===== Time to Reach Source [s] (DTube + Vodafone (DE)) =====
0.01149;	0.94
0.02299;	1.034
0.03448;	1.082
0.04598;	1.084
0.05747;	1.093
0.06897;	1.113
0.08046;	1.12
0.09195;	1.131
0.10345;	1.139
0.11494;	1.15
0.12644;	1.167
0.13793;	1.187
0.14943;	1.204
0.16092;	1.211
0.17241;	1.229
0.18391;	1.282
0.19540;	1.29
0.20690;	1.298
0.21839;	1.299
0.22989;	1.3
0.24138;	1.302
0.25287;	1.324
0.26437;	1.342
0.27586;	1.367
0.28736;	1.397
0.29885;	1.398
0.31034;	1.412
0.32184;	1.42
0.33333;	1.424
0.34483;	1.427
0.35632;	1.447
0.36782;	1.454
0.37931;	1.464
0.39080;	1.503
0.40230;	1.524
0.41379;	1.528
0.42529;	1.543
0.43678;	1.544
0.44828;	1.571
0.45977;	1.58
0.47126;	1.584
0.48276;	1.587
0.49425;	1.594
0.50575;	1.596
0.51724;	1.604
0.52874;	1.613
0.54023;	1.667
0.55172;	1.677
0.56322;	1.691
0.57471;	1.712
0.58621;	1.837
0.59770;	1.851
0.60920;	1.854
0.62069;	1.867
0.63218;	1.881
0.64368;	1.885
0.65517;	1.912
0.66667;	1.923
0.67816;	1.93
0.68966;	1.944
0.70115;	2.002
0.71264;	2.06
0.72414;	2.214
0.73563;	2.269
0.74713;	2.376
0.75862;	2.446
0.77011;	2.471
0.78161;	2.66
0.79310;	2.939
0.80460;	2.969
0.81609;	2.985
0.82759;	2.997
0.83908;	3.249
0.85057;	3.27
0.86207;	3.329
0.87356;	3.567
0.88506;	3.579
0.89655;	4.784
0.90805;	5.897
0.91954;	7.727
0.93103;	8.527
0.94253;	10.08
0.95402;	11.149
0.96552;	12.751
0.97701;	13.468
0.98851;	14.285
1.00000;	16.154

=========================

===== Time to Reach Source [s] (DTube + SIMPLE Mobile (US)) =====

=========================

===== Time to Reach Source [s] (YouTube + T-Mobile (DE)) =====
0.00216;	0.229
0.00433;	0.244
0.00649;	0.247
0.01082;	0.262
0.01299;	0.263
0.01515;	0.267
0.01732;	0.275
0.01948;	0.279
0.02165;	0.283
0.02597;	0.285
0.02814;	0.286
0.03030;	0.288
0.03463;	0.29
0.03680;	0.295
0.03896;	0.296
0.04113;	0.297
0.04545;	0.302
0.04762;	0.305
0.04978;	0.306
0.05195;	0.308
0.05411;	0.311
0.05628;	0.312
0.05844;	0.317
0.06061;	0.318
0.06277;	0.324
0.06494;	0.329
0.06710;	0.338
0.06926;	0.34
0.07143;	0.351
0.07576;	0.357
0.07792;	0.359
0.08009;	0.36
0.08442;	0.361
0.08658;	0.362
0.08874;	0.365
0.09091;	0.373
0.09307;	0.374
0.09524;	0.376
0.09740;	0.377
0.09957;	0.38
0.10390;	0.381
0.10606;	0.386
0.11039;	0.387
0.11255;	0.389
0.11472;	0.391
0.11688;	0.393
0.11905;	0.395
0.12338;	0.396
0.12771;	0.397
0.12987;	0.398
0.13203;	0.399
0.13420;	0.4
0.13853;	0.401
0.14069;	0.402
0.14286;	0.403
0.14719;	0.404
0.14935;	0.405
0.15152;	0.406
0.15368;	0.408
0.15801;	0.411
0.16017;	0.414
0.16234;	0.415
0.16450;	0.418
0.16667;	0.419
0.17100;	0.422
0.17749;	0.425
0.17965;	0.428
0.18615;	0.43
0.18831;	0.431
0.19048;	0.432
0.19481;	0.434
0.19697;	0.435
0.20130;	0.437
0.20563;	0.438
0.20779;	0.44
0.21429;	0.441
0.21645;	0.442
0.21861;	0.443
0.22078;	0.444
0.22294;	0.446
0.22511;	0.447
0.22727;	0.453
0.22944;	0.454
0.23160;	0.455
0.23377;	0.456
0.23593;	0.458
0.24026;	0.459
0.24242;	0.462
0.24459;	0.464
0.24892;	0.465
0.25108;	0.466
0.25541;	0.467
0.25758;	0.47
0.25974;	0.472
0.26407;	0.473
0.26840;	0.474
0.27056;	0.475
0.27273;	0.476
0.27489;	0.477
0.27706;	0.479
0.27922;	0.48
0.28355;	0.481
0.28571;	0.483
0.28788;	0.484
0.29004;	0.486
0.29221;	0.489
0.29437;	0.49
0.29870;	0.492
0.30087;	0.494
0.30303;	0.495
0.30519;	0.496
0.30736;	0.498
0.31169;	0.499
0.31385;	0.5
0.31602;	0.501
0.32035;	0.502
0.32251;	0.503
0.32900;	0.506
0.33117;	0.508
0.33550;	0.51
0.34416;	0.511
0.35065;	0.512
0.35498;	0.513
0.36147;	0.515
0.36364;	0.517
0.36580;	0.519
0.36797;	0.522
0.37879;	0.524
0.38095;	0.525
0.38961;	0.528
0.39177;	0.529
0.39394;	0.532
0.39827;	0.535
0.40043;	0.536
0.40260;	0.537
0.40476;	0.539
0.40693;	0.54
0.40909;	0.542
0.41558;	0.543
0.42208;	0.545
0.42424;	0.547
0.42641;	0.548
0.42857;	0.55
0.43074;	0.551
0.43290;	0.552
0.43506;	0.555
0.43723;	0.556
0.43939;	0.557
0.44156;	0.558
0.44805;	0.559
0.45022;	0.565
0.45238;	0.567
0.45671;	0.569
0.46104;	0.57
0.46320;	0.571
0.46753;	0.572
0.46970;	0.576
0.47619;	0.579
0.47835;	0.581
0.48701;	0.583
0.49134;	0.584
0.49784;	0.585
0.50000;	0.587
0.50216;	0.588
0.50649;	0.589
0.50866;	0.591
0.51082;	0.594
0.51515;	0.595
0.51732;	0.599
0.52165;	0.6
0.52597;	0.603
0.53030;	0.604
0.53247;	0.605
0.53463;	0.608
0.53680;	0.61
0.54329;	0.614
0.54545;	0.615
0.54762;	0.616
0.55195;	0.618
0.55411;	0.62
0.56061;	0.621
0.56277;	0.624
0.56710;	0.625
0.56926;	0.627
0.57143;	0.629
0.57359;	0.633
0.57576;	0.634
0.57792;	0.635
0.58225;	0.639
0.58442;	0.64
0.58658;	0.642
0.59091;	0.643
0.59307;	0.645
0.59524;	0.646
0.59957;	0.649
0.60390;	0.65
0.60823;	0.653
0.61255;	0.655
0.61472;	0.659
0.61688;	0.661
0.62121;	0.662
0.62338;	0.663
0.62554;	0.668
0.62987;	0.673
0.63203;	0.674
0.63420;	0.676
0.63853;	0.677
0.64069;	0.678
0.64286;	0.68
0.64935;	0.681
0.65368;	0.687
0.65584;	0.689
0.65801;	0.692
0.66017;	0.694
0.66450;	0.695
0.66667;	0.697
0.66883;	0.698
0.67100;	0.699
0.67316;	0.703
0.67749;	0.706
0.67965;	0.707
0.68398;	0.709
0.68615;	0.712
0.68831;	0.717
0.69048;	0.719
0.69264;	0.726
0.69481;	0.728
0.69697;	0.729
0.69913;	0.731
0.70130;	0.734
0.70346;	0.736
0.70563;	0.738
0.70779;	0.74
0.70996;	0.742
0.71212;	0.743
0.71429;	0.745
0.71645;	0.746
0.72078;	0.748
0.72294;	0.749
0.72511;	0.752
0.72727;	0.755
0.73160;	0.756
0.73377;	0.757
0.73593;	0.759
0.73810;	0.76
0.74026;	0.763
0.74242;	0.765
0.74459;	0.766
0.74675;	0.771
0.74892;	0.777
0.75325;	0.786
0.75541;	0.789
0.75758;	0.8
0.75974;	0.802
0.76190;	0.807
0.76407;	0.811
0.76623;	0.815
0.76840;	0.818
0.77056;	0.824
0.77273;	0.827
0.77489;	0.832
0.77706;	0.837
0.77922;	0.84
0.78139;	0.841
0.78571;	0.845
0.78788;	0.851
0.79004;	0.852
0.79221;	0.855
0.79437;	0.862
0.79654;	0.867
0.79870;	0.871
0.80087;	0.877
0.80303;	0.878
0.80519;	0.886
0.80736;	0.888
0.80952;	0.89
0.81169;	0.899
0.81602;	0.901
0.81818;	0.904
0.82035;	0.913
0.82251;	0.916
0.82468;	0.917
0.82684;	0.918
0.83117;	0.919
0.83333;	0.93
0.83766;	0.932
0.83983;	0.936
0.84199;	0.949
0.84416;	0.955
0.84848;	0.956
0.85065;	0.978
0.85281;	1.019
0.85498;	1.072
0.85714;	1.089
0.85931;	1.09
0.86147;	1.099
0.86364;	1.104
0.86580;	1.137
0.86797;	1.148
0.87013;	1.155
0.87229;	1.16
0.87446;	1.173
0.87662;	1.176
0.87879;	1.178
0.88095;	1.191
0.88312;	1.203
0.88528;	1.211
0.88745;	1.277
0.88961;	1.296
0.89177;	1.375
0.89394;	1.387
0.89610;	1.68
0.89827;	1.789
0.90043;	1.88
0.90260;	1.884
0.90476;	1.931
0.90693;	2.182
0.90909;	2.189
0.91126;	2.229
0.91342;	2.454
0.91558;	2.491
0.91775;	2.548
0.91991;	2.729
0.92208;	3.172
0.92424;	3.59
0.92641;	3.675
0.92857;	3.75
0.93074;	4.058
0.93290;	4.135
0.93506;	4.181
0.93723;	4.303
0.93939;	4.567
0.94156;	4.802
0.94372;	5.355
0.94589;	5.902
0.94805;	5.917
0.95022;	6.375
0.95238;	6.918
0.95455;	7.695
0.95671;	7.784
0.95887;	7.971
0.96104;	8.272
0.96320;	8.438
0.96537;	9.037
0.96753;	9.335
0.96970;	9.598
0.97186;	9.807
0.97403;	9.882
0.97619;	10.026
0.97835;	11.29
0.98052;	11.563
0.98268;	12.035
0.98485;	13.757
0.98701;	15.752
0.98918;	17.611
0.99134;	19.15
0.99351;	19.321
0.99567;	196.097
0.99784;	338.155
1.00000;	373.263

=========================

===== Time to Reach Source [s] (YouTube + o2 (DE)) =====
0.00109;	0.186
0.00544;	0.212
0.00979;	0.223
0.01306;	0.24
0.01632;	0.247
0.02285;	0.256
0.03156;	0.268
0.03482;	0.273
0.04353;	0.276
0.04897;	0.284
0.05332;	0.287
0.05876;	0.293
0.06420;	0.298
0.07073;	0.301
0.07617;	0.304
0.08705;	0.31
0.09249;	0.313
0.10011;	0.317
0.10664;	0.321
0.11317;	0.325
0.11861;	0.328
0.12731;	0.331
0.13384;	0.335
0.14146;	0.338
0.14799;	0.341
0.15669;	0.344
0.16104;	0.347
0.17193;	0.351
0.17737;	0.355
0.18281;	0.358
0.18934;	0.362
0.19695;	0.365
0.20131;	0.368
0.20675;	0.372
0.21654;	0.375
0.22307;	0.378
0.22851;	0.381
0.23395;	0.385
0.24266;	0.391
0.25245;	0.394
0.26007;	0.397
0.26768;	0.4
0.27639;	0.404
0.28183;	0.41
0.29162;	0.414
0.30577;	0.417
0.31230;	0.422
0.31556;	0.425
0.32209;	0.429
0.33079;	0.432
0.33841;	0.436
0.34168;	0.439
0.34603;	0.443
0.35038;	0.448
0.35473;	0.452
0.36235;	0.456
0.37214;	0.459
0.37758;	0.462
0.38194;	0.466
0.38629;	0.47
0.39282;	0.473
0.40044;	0.476
0.40479;	0.479
0.40805;	0.483
0.41240;	0.486
0.41676;	0.489
0.42329;	0.493
0.42764;	0.497
0.43417;	0.5
0.44070;	0.506
0.44831;	0.514
0.45375;	0.519
0.45811;	0.522
0.46355;	0.525
0.46899;	0.528
0.47552;	0.532
0.48422;	0.536
0.48857;	0.54
0.49510;	0.544
0.50490;	0.551
0.50925;	0.554
0.51360;	0.558
0.52013;	0.561
0.52339;	0.566
0.52884;	0.573
0.53319;	0.578
0.53863;	0.583
0.54516;	0.587
0.55060;	0.59
0.55604;	0.594
0.56039;	0.6
0.56910;	0.605
0.57236;	0.608
0.57671;	0.611
0.58324;	0.616
0.58760;	0.621
0.59412;	0.625
0.59739;	0.633
0.60065;	0.637
0.60392;	0.641
0.60718;	0.644
0.61153;	0.649
0.61589;	0.656
0.62133;	0.659
0.62459;	0.667
0.62894;	0.67
0.63330;	0.681
0.63874;	0.684
0.64418;	0.69
0.64962;	0.694
0.65288;	0.698
0.65941;	0.702
0.66268;	0.706
0.66594;	0.718
0.67138;	0.721
0.67573;	0.728
0.68118;	0.74
0.68444;	0.752
0.68988;	0.763
0.69314;	0.768
0.69750;	0.777
0.70076;	0.783
0.70511;	0.799
0.70838;	0.81
0.71273;	0.837
0.71708;	0.843
0.72252;	0.862
0.72579;	0.877
0.72905;	0.887
0.73341;	0.894
0.73667;	0.931
0.73993;	0.949
0.74320;	0.971
0.74646;	0.986
0.74973;	1.001
0.75408;	1.018
0.75734;	1.024
0.76061;	1.034
0.76496;	1.049
0.76931;	1.066
0.77367;	1.088
0.77802;	1.118
0.78128;	1.136
0.78455;	1.151
0.78890;	1.172
0.79217;	1.195
0.79761;	1.206
0.80196;	1.212
0.80522;	1.23
0.80849;	1.251
0.81175;	1.306
0.81502;	1.372
0.81828;	1.389
0.82155;	1.409
0.82481;	1.514
0.82807;	1.537
0.83134;	1.564
0.83460;	1.627
0.83787;	1.669
0.84113;	1.77
0.84440;	1.873
0.84766;	1.953
0.85092;	1.989
0.85419;	2.073
0.85745;	2.093
0.86181;	2.157
0.86507;	2.211
0.86834;	2.317
0.87160;	2.4
0.87486;	2.404
0.87813;	2.491
0.88139;	2.512
0.88466;	2.552
0.88792;	2.639
0.89119;	2.669
0.89445;	2.78
0.89771;	2.827
0.90098;	2.876
0.90424;	2.957
0.90860;	2.989
0.91186;	3.059
0.91513;	3.191
0.91839;	3.221
0.92165;	3.377
0.92492;	3.442
0.92818;	3.646
0.93145;	3.714
0.93471;	3.897
0.93798;	4.16
0.94124;	4.263
0.94450;	4.354
0.94777;	4.455
0.95103;	4.515
0.95430;	4.663
0.95756;	4.91
0.96083;	5.267
0.96409;	5.589
0.96736;	5.802
0.97062;	6.463
0.97388;	6.734
0.97715;	7.603
0.98041;	8.168
0.98368;	9.012
0.98694;	11.636
0.99021;	12.891
0.99347;	15.999
0.99674;	38.721
1.00000;	316.508

=========================

===== Time to Reach Source [s] (YouTube + Vodafone (DE)) =====
0.01205;	0.387
0.02410;	0.429
0.03614;	0.434
0.04819;	0.45
0.06024;	0.456
0.07229;	0.462
0.08434;	0.503
0.09639;	0.504
0.10843;	0.517
0.12048;	0.52
0.13253;	0.531
0.14458;	0.535
0.15663;	0.582
0.16867;	0.587
0.18072;	0.621
0.19277;	0.624
0.20482;	0.636
0.21687;	0.682
0.22892;	0.717
0.24096;	0.721
0.25301;	0.783
0.26506;	0.787
0.27711;	0.799
0.28916;	0.8
0.30120;	0.813
0.31325;	0.862
0.32530;	0.875
0.33735;	0.888
0.34940;	0.896
0.36145;	0.914
0.37349;	0.918
0.38554;	0.919
0.39759;	0.921
0.40964;	0.937
0.42169;	0.94
0.43373;	0.943
0.44578;	0.947
0.45783;	0.949
0.48193;	0.991
0.49398;	1.05
0.50602;	1.074
0.51807;	1.081
0.53012;	1.091
0.54217;	1.101
0.55422;	1.102
0.56627;	1.132
0.57831;	1.143
0.59036;	1.157
0.60241;	1.162
0.61446;	1.166
0.62651;	1.173
0.63855;	1.182
0.65060;	1.238
0.66265;	1.247
0.67470;	1.304
0.68675;	1.327
0.69880;	1.423
0.71084;	1.434
0.72289;	1.436
0.73494;	1.437
0.74699;	1.449
0.75904;	1.461
0.77108;	1.493
0.78313;	1.542
0.79518;	1.582
0.80723;	1.621
0.81928;	1.626
0.83133;	1.681
0.84337;	1.718
0.85542;	1.738
0.86747;	1.907
0.87952;	2.016
0.89157;	2.02
0.90361;	2.062
0.91566;	2.225
0.92771;	2.258
0.93976;	3.181
0.95181;	3.25
0.96386;	5.207
0.97590;	5.27
0.98795;	6.805
1.00000;	6.886

=========================

===== Time to Reach Source [s] (YouTube + SIMPLE Mobile (US)) =====

=========================

